   -0.01468207
   -0.11932544
   -0.03261096
    0.05625177
    0.19793769
   -0.58531213
   -0.40107495
   -0.15271825
    0.23588576
   -0.46746944
   -0.43706269
   -0.29377661
    0.14313222
    0.05218194
   -0.27084142
   -0.31748774
    0.04625121
   -0.18281741
   -0.29431846
   -0.51825875
    0.08930425
    0.07890735
    0.10248636
    0.32895106
    0.09833133
    0.07209119
    0.32313831
    0.07031891
    0.08051664
    0.33634868
    0.05261015
    0.10151495
    0.38295956
    0.09739506
    0.04761898
    0.36072157
    0.26783069
    0.05977774
    0.32230656
    0.04860247
    0.32869795
    0.18755507
    0.18011020
    0.05981548
    0.08409473
    0.32315193
    0.07514549
    0.28338226
    0.04262161
    0.38826007
    0.08154918
