           5           7   1.0580612861245824     
           8           9   1.0007308918510056     
           9          10  0.95755655502095549     
           9          11  0.98237380613521674     
           1          12   1.0432117717538170     
           1          13  0.99632403834237204     
           2          13   1.7937436652027210     
           3          14   2.6001257431110276     
           4          15  0.95080309951670383     
           5          15  0.91339093738624366     
           4          17   1.0047120165970804     
          16          17  0.95212674589493007     
          13          19   1.0013516462665011     
           1          21  0.94868386558682782     
           1          22  0.92703341532043915     
           2          23  0.96374144565293607     
          20          24  0.88098555550224245     
           4          25  0.95889375058416748     
           4          26  0.96285996955188979     
           7          27  0.87914979625763090     
           8          28  0.96609072069104274     
           8          29  0.97881313803560888     
          11          30  0.86913189305150695     
          18          31  0.99467422581387965     
           2          32  0.92670971070895070     
          16          33  0.73666790192152043     
          17          34  0.95536413779820106     
          18          35  0.97509398241988610     
          20          36  0.80168138447124793     
           2          37  0.13171950807501717     
           3          37  0.17008080738364004     
          14          37  0.99145372310172730     
          15          37  0.28235474845874059     
          16          37  0.56171724099337217     
          19          37  0.52168264760122107     
          20          37  0.35109719381100268     
           5          38  0.95611231038305655     
           6          39  0.88985979901580492     
           9          40  0.95929692829820357     
          10          41  0.87528791004585527     
          12          42  0.94973643215933523     
          12          43  0.95114041125999205     
          18          44  0.99446173159321627     
           8          45  0.97785394087503896     
           6          46  0.88400706588738542     
           5          47  0.95542241808531936     
           3          48  0.88104757397363453     
          18          49  0.99662969240849608     
          19          50  0.73483404739471991     
          17          51  0.95866500260968357     
