   -0.06251492
   -0.05121356
    0.08790765
   -0.04872934
    0.24697825
   -0.44426179
   -0.44628614
   -0.05046547
    0.23549280
   -0.42378767
   -0.35087425
    0.05661752
   -0.06446101
    0.25285409
   -0.44575024
   -0.42386855
   -0.05468364
    0.22509465
   -0.34653709
   -0.40681525
    0.12861471
    0.11965438
    0.13864527
    0.15938457
    0.10510609
    0.10680701
    0.33235325
    0.15317997
    0.11009332
    0.34841507
    0.11715554
    0.11155683
    0.33816117
    0.11948150
    0.11980921
    0.34362403
    0.01393721
    0.04679337
    0.33183986
    0.06583465
    0.33622273
    0.07890347
    0.33831121
    0.08823359
    0.36318595
