           2           3   1.2583976119317797     
           3           4  0.96738047973570451     
           4           5  0.95002843573618845     
           5           6   1.0035076463915507     
           5           7   1.0055511893944395     
           3           8  0.95967169374615324     
           8           9  0.97873428761275449     
           9          10   1.0279447384258922     
           9          11  0.93591729478649499     
           1          12   1.3142894077840954     
          12          13   1.0111141247332434     
          13          14  0.91753243357846193     
          14          15   1.0082331890610439     
          14          16   1.0391681509687076     
          12          17   1.0082656060763404     
          17          18  0.93303323524224768     
          18          19  0.92386182041349829     
          18          20   1.0554932816391998     
           1          21  0.91055807197121985     
           1          22  0.91785060402521279     
           2          23  0.91783767013148576     
           2          24  0.90820948353070163     
           4          25  0.95449153298926637     
           4          26  0.96204268052139918     
           7          27  0.86961761889913269     
           8          28  0.92338856648629830     
           8          29  0.95682656996286086     
          11          30  0.85676101045451136     
          13          31  0.95770130415479526     
          13          32  0.95235011184156371     
          16          33  0.86242276184077593     
          17          34  0.95539828414143890     
          17          35  0.95065302197140000     
          20          36  0.86376676627089799     
           1          37  0.66119153631202643     
           2          37  0.71794967863090897     
           3          37  0.48630731692838258     
          11          37  0.34659283354129916     
          12          37  0.27131888562854750     
          19          37  0.39199105578523807     
           5          38  0.94241011201980485     
           6          39  0.86874204572229918     
           9          40  0.95066188444768251     
          10          41  0.86908187530316794     
          14          42  0.84916062594668296     
          15          43  0.86275871564835582     
          18          44  0.93889013329557436     
          19          45  0.84130498825879807     
