   -0.03232598
   -0.03236524
   -0.06860085
   -0.05475422
    0.36179437
   -0.28411386
   -0.28379124
   -0.05719624
    0.35537482
   -0.27637773
   -0.28001372
   -0.06862926
   -0.05476273
    0.36180126
   -0.28404217
   -0.28370997
   -0.05721106
    0.35546592
   -0.27613783
   -0.27996537
    0.08846556
    0.09702271
    0.09703867
    0.08860828
    0.12583866
    0.12061767
    0.38752351
    0.13164161
    0.13116366
    0.38859410
    0.12069731
    0.12576599
    0.38759443
    0.13110142
    0.13163547
    0.38865048
    0.29760156
