           1           2  0.99956359634485337     
           2           3  0.97442229456562257     
           3           4  0.99227747810024014     
           4           5  0.95715254673142536     
           5           6   1.6267152178697877     
           5           7   1.2742079660543730     
           6           7  0.17361293205474096     
           3           8  0.98899603719727969     
           8           9  0.97618043886825112     
           9          10   1.5521275681750408     
           9          11   1.2742139683591145     
          10          11  0.15738985036965819     
           1          12  0.97444708705740224     
          12          13  0.99251270306173589     
          13          14  0.95733044940132295     
          14          15   1.6261606851619310     
          14          16   1.2739447623721791     
          15          16  0.17336761739935774     
          12          17  0.98900565124490736     
          17          18  0.97634585752128544     
          18          19   1.5525590281649426     
          18          20   1.2742436246612312     
          19          20  0.15748543008860535     
           1          21  0.96026327215469753     
           1          22  0.95495029765411188     
           2          23  0.95494116074606195     
           2          24  0.96021434502417535     
           4          25  0.92993630164695573     
           4          26  0.94157883041667711     
           7          27  0.82126411022571577     
           8          28  0.92909456103827881     
           8          29  0.93138300447004507     
          11          30  0.82040247895020180     
          13          31  0.94113203558011305     
          13          32  0.93004714210627881     
          16          33  0.82128955393129710     
          17          34  0.93153388094852108     
          17          35  0.92879399244453908     
          20          36  0.82039682254054980     
           3          37  0.38984717950703096     
           6          37  0.41389704320605680     
          10          37  0.55582908466602243     
          12          37  0.38941904483080092     
          15          37  0.41465174112472453     
          19          37  0.55516989494104951     
