   -0.07376178
   -0.05079600
    0.08909318
   -0.04687610
    0.24089420
   -0.41005934
   -0.36864680
   -0.06214295
    0.24534313
   -0.45758278
   -0.41018052
    0.06016936
   -0.05037573
    0.24631080
   -0.45461438
   -0.41432894
   -0.05472676
    0.23454162
   -0.40331170
   -0.36338671
    0.11902416
    0.13916024
    0.13016312
    0.14864807
    0.12176030
    0.12856865
    0.34494600
    0.10665302
    0.11413887
    0.33328757
    0.11907303
    0.10368922
    0.33442506
    0.11653351
    0.12363730
    0.36214072
    0.05251315
    0.04904189
    0.34122248
    0.06394188
    0.34033880
    0.05990102
    0.33813024
    0.06568536
    0.34781458
