           2           3   1.2856118576059774     
           3           4  0.95951245958710030     
           4           5  0.97119580998004540     
           5           6   1.0479736864479345     
           5           7  0.93173405776811735     
           3           8  0.96666719481191454     
           8           9  0.91221282337463228     
           9          10   1.0020202207682034     
           9          11   1.0371600479703706     
           1          12   1.2211119540438662     
          12          13  0.96619971133634641     
          13          14  0.91984948699272795     
          14          15   1.0010190710709972     
          14          16   1.0334591107168467     
          12          17  0.96644618437926655     
          17          18  0.95454804521111480     
          18          19   1.0615301709281042     
          18          20  0.92168817144436377     
           1          21  0.93321059570836007     
           1          22  0.91421239255455122     
           2          23  0.92412790584883842     
           2          24  0.91810225841695792     
           4          25  0.93996041206551029     
           4          26  0.95203616445821582     
           7          27  0.85903427666573096     
           8          28  0.96035079570479331     
           8          29  0.95201676382967859     
          11          30  0.86674407424403466     
          13          31  0.92947339082418190     
          13          32  0.96307620444078534     
          16          33  0.86702179820453540     
          17          34  0.95270912069619240     
          17          35  0.95375132109002725     
          20          36  0.84493928966840093     
           1          37  0.75867193903471519     
           2          37  0.67661786624612918     
           3          37  0.46195739417313580     
           7          37  0.31440551017289387     
          12          37  0.49636135777095680     
          20          37  0.36042108979682846     
           5          38  0.94935082253446990     
           6          39  0.86598454809316694     
           9          40  0.94203191456063284     
          10          41  0.86324517501124720     
          14          42  0.94071527393474907     
          15          43  0.86503061100496315     
          18          44  0.94571453876087530     
          19          45  0.86099518590273172     
