   -0.04723005
   -0.03664910
   -0.07973068
   -0.11568929
    0.36782177
   -0.37809963
   -0.28469778
   -0.05055485
    0.37798614
   -0.36767196
   -0.30229699
    0.01176295
   -0.06539078
    0.37491222
   -0.38625916
   -0.29483578
   -0.07068964
    0.38153755
   -0.27054103
   -0.26597402
    0.12726697
    0.12675088
    0.13820772
    0.14085208
    0.03586788
    0.15971491
    0.37986517
    0.14019474
    0.13715354
    0.38522228
    0.14109399
    0.13700359
    0.38198140
    0.13776890
    0.16525111
    0.38734316
    0.38075178
