           1           2  0.98434264484825362     
           2           3   1.0185091424926702     
           4           5   1.0857034004497530     
           5           6   1.4773258893730332     
           5           7   1.2557930295886450     
           6           7  0.16798533010747690     
           3           8   1.0496347007992368     
           8           9  0.86859951920710599     
           9          10   1.7331654069481106     
           9          11   1.2505156179406083     
          10          11  0.18824485556365703     
           1          12   1.0259877397116632     
          12          13   1.0594296965251269     
          13          14  0.87770657343252034     
          14          15   1.7127104523103640     
          14          16   1.2605927763745024     
          15          16  0.18621314681446527     
          12          17   1.0406726048284471     
          17          18  0.90877766049798969     
          18          19   1.5374886087237443     
          18          20   1.2956127190185502     
          19          20  0.15398767607295655     
           1          21  0.94607521877714318     
           1          22  0.88978610817203563     
           2          23  0.90788885503409067     
           2          24  0.91404237386642662     
           4          26  0.91784489590769203     
           7          27  0.82609212628300932     
           8          28  0.91481728105075133     
           8          29  0.91117282110354691     
          11          30  0.82230033653506807     
          13          31  0.92652600562736542     
          13          32  0.93488100950636677     
          16          33  0.82390833050067758     
          17          34  0.95124085455453722     
          17          35  0.88102578157358469     
          20          36  0.81799814232203927     
           3          37   1.1975884184359669     
           4          37   1.4287750577360754     
           6          37  0.36729658079434269     
          19          37  0.56260861057150968     
          25          37  0.82475213051070018     
