   -0.06954522
   -0.06738283
    0.08662398
   -0.04777598
    0.23573379
   -0.42492558
   -0.36219067
   -0.06198962
    0.24725431
   -0.45428832
   -0.41361312
    0.05914031
   -0.05025415
    0.24557794
   -0.45386773
   -0.41975714
   -0.05743201
    0.23482793
   -0.40606908
   -0.37798792
    0.12461658
    0.14658363
    0.12978809
    0.15911492
    0.11965010
    0.12732844
    0.34430604
    0.13464527
    0.11291739
    0.33360272
    0.11311067
    0.09985908
    0.33263315
    0.11644256
    0.12384901
    0.35684613
    0.07014831
    0.06686397
    0.34198514
    0.05638895
    0.33843812
    0.05815731
    0.33816402
    0.06620583
    0.34627566
