           2           3   1.2762471089612342     
           3           4  0.96221353975681412     
           4           5  0.96994199143334603     
           5           6   1.0346913752964222     
           5           7  0.93492499472272061     
           3           8  0.95749707679996754     
           8           9  0.92068202107565000     
           9          10   1.0003539591354109     
           9          11   1.0341567352340830     
           1          12   1.2276147841443383     
          12          13  0.96135267069407926     
          13          14  0.92544525525376542     
          14          15   1.0029584077313485     
          14          16   1.0294718016678834     
          12          17  0.96135235937099617     
          17          18  0.95425091620104063     
          18          19   1.0568473484835448     
          18          20  0.92954032150745902     
           1          21  0.93479148631934150     
           1          22  0.91143757386186719     
           2          23  0.92535479847291147     
           2          24  0.91820130678498668     
           4          25  0.95202388909548741     
           4          26  0.94164565574585801     
           7          27  0.86053714181965646     
           8          28  0.94899427941918790     
           8          29  0.93517473608505020     
          11          30  0.86765462698235996     
          13          31  0.93329198403210467     
          13          32  0.96352395051363904     
          16          33  0.86849138668900050     
          17          34  0.95535700038806215     
          17          35  0.95371660634996880     
          20          36  0.84911728189197044     
           1          37  0.72974027034540445     
           2          37  0.66383057215385088     
           3          37  0.48092028600345110     
           7          37  0.31915161126144603     
          12          37  0.49737338994120012     
          20          37  0.32919059492823394     
           5          38  0.95344564499170237     
           6          39  0.86482903852256088     
           9          40  0.94085286103064636     
          10          41  0.86435374009799859     
          14          42  0.94272412986366660     
          15          43  0.86536561596962758     
          18          44  0.94440267177603965     
          19          45  0.86190645836754498     
