   -0.07301266
   -0.04475569
    0.10369349
   -0.06956147
    0.25344034
   -0.42391829
   -0.41899938
   -0.07731237
    0.24579336
   -0.42566585
   -0.44121280
    0.08137725
   -0.05699968
    0.24627368
   -0.41450713
   -0.45612747
   -0.05495647
    0.23201147
   -0.39041039
   -0.34937743
    0.14219230
    0.12672711
    0.13646960
    0.17386443
    0.11754959
    0.14265732
    0.34627789
    0.11017275
    0.15797463
    0.33761017
    0.10746427
    0.12215636
    0.33790355
    0.11235954
    0.12005636
    0.35446445
   -0.02088475
    0.05680596
    0.34437922
    0.05106012
    0.33965886
    0.05800680
    0.33381798
    0.08960301
    0.33587999
