           2           3   1.4561384380038092     
           3           4   1.0191888547473336     
           4           5  0.87776897287414657     
           5           6   1.0310897750961694     
           5           7   1.0242168732049794     
           3           8   1.0158074738984770     
           8           9  0.90802037794694579     
           9          10   1.0275946331223074     
           9          11   1.0122862076442567     
           1          12   1.2312612324255390     
          12          13  0.96240601571058704     
          13          14  0.92323099712639034     
          14          15   1.0361020050606831     
          14          16  0.99771061817184981     
          12          17  0.96403580565574654     
          17          18  0.95823187223282791     
          18          19   1.0746806483841780     
          18          20  0.90773218886918294     
           1          21  0.91623098544828230     
           1          22  0.92356227794587487     
           2          23  0.91283941083782927     
           2          24  0.71615060983715229     
           4          25  0.95754506229900127     
           4          26  0.93530990765604294     
           7          27  0.85824231351094016     
           8          28  0.94914928834105217     
           8          29  0.91072779733244746     
          11          30  0.86406239877406932     
          13          31  0.96151786564541142     
          13          32  0.92796330900312152     
          16          33  0.86508662654271795     
          17          34  0.95143529933739657     
          17          35  0.94520069444999677     
          20          36  0.85208384490620137     
           1          37  0.73724063124710681     
           2          37  0.63427244962101414     
           3          37  0.18691779555429905     
          12          37  0.51528598662151004     
          20          37  0.40586325484766256     
          24          37  0.22352971591148610     
           5          38  0.94004149330491271     
           6          39  0.85863651915415973     
           9          40  0.93946546554781662     
          10          41  0.86420175720904824     
          14          42  0.94154890842741268     
          15          43  0.86751932676144339     
          18          44  0.94122681267523567     
          19          45  0.86358470382314523     
