   -0.03876144
   -0.05854925
   -0.00077386
   -0.05129842
    0.22925829
   -0.32666461
   -0.40172557
   -0.05342814
    0.24438089
   -0.45142309
   -0.43182784
   -0.03758456
   -0.02981460
    0.22892195
   -0.40611973
   -0.33027120
   -0.05426586
    0.24273639
   -0.43520143
   -0.39956149
    0.11999535
    0.11254246
    0.12438426
    0.12699115
    0.12264731
    0.12496231
    0.34575303
    0.11762288
    0.10989377
    0.33833878
    0.15065420
    0.13963669
    0.36558638
    0.11091458
    0.09518307
    0.34016620
    0.06756000
    0.06873581
    0.36593979
    0.04475436
    0.33499499
    0.07998541
    0.34770988
    0.05268352
    0.35433738
