           1           2  0.95519692716549409     
           2           3  0.96279601503144263     
           3           4  0.96424527021431261     
           4           5  0.97318244045545721     
           5           6  0.89817732805667849     
           5           7   1.0635976565557193     
           3           8  0.97427834550480619     
           8           9  0.92352707592723349     
           9          10  0.99712864238452781     
           9          11   1.0285707353951172     
           1          12   1.0146502570715985     
          12          13   1.0515898528322956     
          13          14  0.92469675095798765     
          14          15   1.0621816702544660     
          14          16  0.91458710725803261     
          12          17   1.0504935566570435     
          17          18  0.86107341522013903     
          18          19   1.0185632791055272     
          18          20   1.0449548510682269     
           1          21  0.88463972663648649     
           1          22  0.95852085006625398     
           2          23  0.94620746131007405     
           2          24  0.94527235435736734     
           4          25  0.94231483815831163     
           4          26  0.94461414430308221     
           7          27  0.86335146271762542     
           8          28  0.94778727348819103     
           8          29  0.93705249345778374     
          11          30  0.86611336942247619     
          13          31  0.76327714136702751     
          13          32  0.94352614198058182     
          16          33  0.83650634291916448     
          17          34  0.95638712344978705     
          17          35  0.95816771967007786     
          20          36  0.86549315738085697     
           3          37  0.64131236196067498     
           6          37  0.47199619903620899     
          12          37  0.18764922695589781     
          13          37  0.17239996276954511     
          16          37  0.44042713996278338     
          31          37  0.17973743721641045     
           5          38  0.94690974166648112     
           6          39  0.83875302203552782     
           9          40  0.94603412139668674     
          10          41  0.86640318303461639     
          14          42  0.94197951961428605     
          15          43  0.85972994162803562     
          18          44  0.93427280529259349     
          19          45  0.85036894832722421     
