   -0.07355037
   -0.05085123
    0.08914429
   -0.04689979
    0.24096310
   -0.41024308
   -0.36863721
   -0.06210248
    0.24532580
   -0.45770241
   -0.41004199
    0.06021784
   -0.05045633
    0.24630130
   -0.45454471
   -0.41448386
   -0.05477835
    0.23442615
   -0.40329525
   -0.36304517
    0.11915554
    0.13913835
    0.13008143
    0.14840573
    0.12178717
    0.12846320
    0.34484712
    0.10655993
    0.11414334
    0.33330402
    0.11905377
    0.10372576
    0.33441114
    0.11641559
    0.12378103
    0.36231474
    0.05253174
    0.04896625
    0.34115796
    0.06412169
    0.34033571
    0.05981344
    0.33812466
    0.06579621
    0.34781823
