           2           3   1.2851754231558774     
           3           4  0.95943205013727562     
           4           5  0.97103988294516619     
           5           6   1.0476742993401960     
           5           7  0.93215209633472218     
           3           8  0.96659056205776794     
           8           9  0.91209225293453400     
           9          10   1.0018619106463962     
           9          11   1.0373622771752042     
           1          12   1.2214456514627010     
          12          13  0.96620756057328550     
          13          14  0.91986426483199868     
          14          15   1.0011499306560112     
          14          16   1.0333150348260425     
          12          17  0.96645906244093438     
          17          18  0.95438500987481500     
          18          19   1.0614909608191323     
          18          20  0.92154373131643219     
           1          21  0.93318157806628865     
           1          22  0.91424879157944117     
           2          23  0.92423932845128920     
           2          24  0.91815965174824332     
           4          25  0.94004560420169092     
           4          26  0.95210201842042130     
           7          27  0.85910697917065015     
           8          28  0.96037803403446564     
           8          29  0.95194444541087420     
          11          30  0.86669983234652970     
          13          31  0.92962599054891160     
          13          32  0.96307912164439213     
          16          33  0.86704615343398261     
          17          34  0.95294239581869589     
          17          35  0.95372305866987994     
          20          36  0.84474842086422697     
           1          37  0.75855633507739417     
           2          37  0.67702205011985062     
           3          37  0.46264610970897196     
           7          37  0.31373244224307323     
          12          37  0.49590867512297016     
          20          37  0.36150418267744139     
           5          38  0.94942958925498511     
           6          39  0.86603434751614816     
           9          40  0.94204433166271673     
          10          41  0.86325484531607677     
          14          42  0.94080116808418102     
          15          43  0.86504361285672393     
          18          44  0.94585101255699333     
          19          45  0.86103725818898569     
