   -0.07289094
   -0.04472877
    0.10409274
   -0.06966301
    0.25350669
   -0.42388461
   -0.41915667
   -0.07738534
    0.24576771
   -0.42552651
   -0.44136704
    0.08143495
   -0.05705596
    0.24624208
   -0.41450639
   -0.45621446
   -0.05493722
    0.23206586
   -0.39048802
   -0.34948055
    0.14204406
    0.12691958
    0.13652289
    0.17406836
    0.11748727
    0.14290084
    0.34630671
    0.11019742
    0.15802667
    0.33763109
    0.10749309
    0.12202161
    0.33791002
    0.11236993
    0.12003572
    0.35444378
   -0.02116100
    0.05659732
    0.34437934
    0.05113733
    0.33960505
    0.05803624
    0.33379304
    0.08951294
    0.33589613
