           2           3   1.4570712219125412     
           3           4   1.0192248300671480     
           4           5  0.87756074755888192     
           5           6   1.0311896704377670     
           5           7   1.0242155889416142     
           3           8   1.0157581986432360     
           8           9  0.90830163152135956     
           9          10   1.0277661857374167     
           9          11   1.0120362184090916     
           1          12   1.2315677639647160     
          12          13  0.96237774307595569     
          13          14  0.92330202750587342     
          14          15   1.0360995634407038     
          14          16  0.99764698518107398     
          12          17  0.96398834392461363     
          17          18  0.95811256124759869     
          18          19   1.0745927938917841     
          18          20  0.90798387649782908     
           1          21  0.91615949734214175     
           1          22  0.92342557734277375     
           2          23  0.91259970557653569     
           2          24  0.71692151206342170     
           4          25  0.95749858692955181     
           4          26  0.93531767515092956     
           7          27  0.85823022196227916     
           8          28  0.94937340138438431     
           8          29  0.91041810824752467     
          11          30  0.86405596588626876     
          13          31  0.96151026766574521     
          13          32  0.92814882311347990     
          16          33  0.86508000481581726     
          17          34  0.95145216155027823     
          17          35  0.94521074315308440     
          20          36  0.85207891215280407     
           1          37  0.73789352127613794     
           2          37  0.63280714449173070     
           3          37  0.18668836863216645     
          12          37  0.51518670725377436     
          20          37  0.40546388656075871     
          24          37  0.22277640433810864     
           5          38  0.94007351472257394     
           6          39  0.85862825044813473     
           9          40  0.93959648798469864     
          10          41  0.86423415710834106     
          14          42  0.94156675739986639     
          15          43  0.86753267345221574     
          18          44  0.94123499267058819     
          19          45  0.86358098564466157     
