   -0.04294117
   -0.02579966
   -0.12270669
   -0.11562214
    0.33908736
   -0.01267293
   -0.18080813
   -0.05231404
    0.36785212
   -0.32721031
   -0.28790758
    0.01086132
   -0.06132876
    0.36891137
   -0.36438947
   -0.31314244
   -0.05953415
    0.37051638
   -0.40128034
   -0.31714481
    0.13483220
    0.09893149
    0.10124634
    0.09799033
    0.12032836
    0.11248542
    0.42106867
    0.15498984
    0.13977210
    0.37841575
    0.11726450
    0.12344553
    0.37208172
    0.12246307
    0.12347089
    0.36970584
    0.23908204
