           1           2  0.86776923896904246     
           2           3   1.0865233769220988     
           5           6   1.8380918582750436     
           5           7   1.3746873843149323     
           6           7  0.16776096652210085     
           3           8   1.0136998925459211     
           8           9  0.99857597188506642     
           9          10   1.5560219183099477     
           9          11   1.2730136564457739     
          10          11  0.15661327561090782     
           1          12   1.0909011281479801     
          12          13   1.0468129623539835     
          13          14  0.89095743903887514     
          14          15   1.7521669395649899     
          14          16   1.2286880600052799     
          15          16  0.18957148766014822     
          12          17   1.0381187317644054     
          17          18  0.90503755584290568     
          18          19   1.7299507318515228     
          18          20   1.2294999698095923     
          19          20  0.18852009567245634     
           1          21  0.90721676010414631     
           1          22  0.96157194756776143     
           2          23  0.95128874210163850     
           2          24  0.93799930447421365     
           4          25  0.93914963076325508     
           4          26  0.94723778776981393     
           7          27  0.78411806487852587     
           8          28  0.89770377714418892     
           8          29  0.89915638360916006     
          11          30  0.82813394192876899     
          13          31  0.91607610071435008     
          13          32  0.95675977750571184     
          16          33  0.83272855073387086     
          17          34  0.91783100354873193     
          17          35  0.95222821681093772     
          20          36  0.83448088891194383     
           3          37   1.0188420526432698     
           4          37   1.6090612649445757     
           5          37  0.50344645234509111     
           6          37  0.71081538051956572     
           7          37  0.10083690100729205     
          10          37  0.42425724699203265     
