   -0.09835150
   -0.07227024
    0.00581678
   -0.06453481
    0.36146837
   -0.28256082
   -0.27703402
   -0.06335614
    0.36608203
   -0.32076604
   -0.28771986
   -0.10928137
   -0.05268515
    0.36852595
   -0.33984400
   -0.31095886
   -0.05189207
    0.36966941
   -0.30501032
   -0.29064540
    0.12897532
    0.12703651
    0.11865820
    0.11495823
    0.14438278
    0.13852812
    0.38619111
    0.13524690
    0.14143995
    0.37914228
    0.13018359
    0.11939075
    0.38041399
    0.17916216
    0.13763939
    0.38136877
    0.31263002
