           2           3   1.2173572474615326     
           3           4   1.0113109204193296     
           4           5  0.94823511104445668     
           5           6   1.5988297172622563     
           5           7   1.2818822729508583     
           6           7  0.16694777352433771     
           3           8   1.0088602257020864     
           8           9  0.95433803331120526     
           9          10   1.6186584048733625     
           9          11   1.2709002583326339     
          10          11  0.17020806337724614     
          12          13   1.0879243256532980     
          13          14  0.86162592122991155     
          14          15   1.7575722937201927     
          14          16   1.2349512963139686     
          15          16  0.18626005497284606     
          12          17   1.0520361521765018     
          17          18  0.97987505450535939     
          18          19   1.6113536417701491     
          18          20   1.2609905046070418     
          19          20  0.16650259946392706     
           1          21  0.93038215618594422     
           1          22  0.94188829787042050     
           2          23  0.93523503877151959     
           2          24  0.93176500769151716     
           4          25  0.91819144539302311     
           4          26  0.94263413250591310     
           7          27  0.82151908279802432     
           8          28  0.94274466224385245     
           8          29  0.91813323792013990     
          11          30  0.82699622156811625     
          13          31  0.90669981919502818     
          13          32  0.94247730166696675     
          16          33  0.82596436579416310     
          17          34  0.84766980437206652     
          17          35  0.90456752266170248     
          20          36  0.82672944397970782     
           1          37   1.6838741554264505     
           2          37  0.69641481174691244     
           3          37  0.20466055730901894     
           6          37  0.44846987816338951     
          10          37  0.35562553966254545     
          12          37  0.99490445114616166     
          19          37  0.35271861660668913     
