   -0.06849682
   -0.05699778
    0.10157101
   -0.04828647
    0.24606175
   -0.44742098
   -0.44764946
   -0.04748467
    0.23422854
   -0.42617102
   -0.36699380
    0.04675740
   -0.04765529
    0.23571539
   -0.38237160
   -0.41439706
   -0.05227586
    0.23600760
   -0.38218029
   -0.41171807
    0.11621483
    0.10817570
    0.14369013
    0.15657035
    0.10923270
    0.11269633
    0.33149487
    0.14274009
    0.11830489
    0.34327590
    0.11459277
    0.10998845
    0.34309765
    0.11160321
    0.11954857
    0.34266361
    0.07128991
    0.04622319
    0.33127608
    0.06319724
    0.33376775
    0.06169227
    0.35761168
    0.05590787
    0.35490145
