           2           3   1.2927441281651062     
           3           4  0.96613651745160234     
           4           5  0.94964952187420137     
           5           6   1.0020099928506592     
           5           7   1.0063990186295977     
           3           8  0.95904771909644060     
           8           9  0.97601453882295131     
           9          10   1.0190142231994279     
           9          11  0.94626327048710968     
           1          12   1.2027737711846505     
          12          13  0.96486879991993046     
          13          14  0.96688719796673861     
          14          15  0.93575706706586781     
          14          16   1.0483812346525747     
          12          17  0.96830024591444452     
          17          18  0.95792882476704699     
          18          19  0.93734997766913097     
          18          20   1.0512662643283335     
           1          21  0.93328119921679442     
           1          22  0.93092187603469434     
           2          23  0.92241680690525441     
           2          24  0.91421429280516275     
           4          25  0.95373208711917967     
           4          26  0.95827223432521957     
           7          27  0.87120450151987572     
           8          28  0.93453791893236782     
           8          29  0.95923597059150600     
          11          30  0.86261899456591062     
          13          31  0.95519243196553760     
          13          32  0.94767871905371459     
          16          33  0.86510437658557038     
          17          34  0.95484099374349718     
          17          35  0.95379959137516923     
          20          36  0.86488042623110906     
           1          37  0.76288948634085763     
           2          37  0.66138276664250162     
           3          37  0.45882797513310725     
          11          37  0.27960395420197448     
          12          37  0.48726378869265741     
          15          37  0.29799061462842974     
          19          37  0.29388749913084072     
           5          38  0.94356992172152987     
           6          39  0.86992674657435609     
           9          40  0.95274303678534855     
          10          41  0.87121379738739335     
          14          42  0.94917830797148484     
          15          43  0.84738364913003406     
          18          44  0.94743235655828617     
          19          45  0.85076135864082958     
