   -0.06868003
   -0.06603324
    0.07022893
   -0.05592157
    0.24725372
   -0.43467183
   -0.44071779
   -0.06480216
    0.23694637
   -0.38046262
   -0.40369947
    0.07170488
   -0.06257218
    0.24536637
   -0.41563158
   -0.45767346
   -0.05419886
    0.23356778
   -0.39434416
   -0.38575296
    0.15526935
    0.12808902
    0.12908924
    0.13219744
    0.12007696
    0.10442933
    0.33903146
    0.12292324
    0.14920669
    0.34760311
    0.10518833
    0.12497288
    0.33858922
    0.10809951
    0.12142419
    0.35174785
    0.07262091
    0.05208730
    0.34267215
    0.06625381
    0.35923964
    0.05565206
    0.33336135
    0.08514720
    0.33512159
