           2           3   1.2509071292532250     
           3           4  0.96701176143482537     
           4           5  0.91900932110283939     
           5           6   1.0256136913317870     
           5           7   1.0093754834410225     
           3           8  0.95925280019879433     
           8           9  0.95870607564273702     
           9          10  0.91527444412439785     
           9          11   1.0631002200195765     
           1          12   1.2513676113655052     
          12          13  0.95848849723175666     
          13          14  0.92598909660141826     
          14          15   1.0351993754517219     
          14          16  0.99748539429653182     
          12          17  0.96364628557355092     
          17          18  0.96040242786438923     
          18          19   1.0699557656867080     
          18          20  0.91637894790162588     
           1          21  0.91441094032851689     
           1          22  0.92730920816253970     
           2          23  0.92374635412168893     
           2          24  0.93073247340163279     
           4          25  0.94531063428506945     
           4          26  0.95709086517105058     
           7          27  0.86285426822884881     
           8          28  0.95289961904587006     
           8          29  0.92704419594241283     
          11          30  0.86139889291001814     
          13          31  0.96306891893808477     
          13          32  0.93673375562649486     
          16          33  0.86494175576777121     
          17          34  0.95150453933583667     
          17          35  0.94488808336704211     
          20          36  0.85418393039138030     
           1          37  0.69190295965585802     
           2          37  0.68526921142749331     
           3          37  0.48444471663744593     
          10          37  0.35378620763396051     
          12          37  0.48678784984409168     
          20          37  0.32827142285154642     
           5          38  0.94338529508564417     
           6          39  0.86208823734413542     
           9          40  0.94477315260550276     
          10          41  0.84699393013345714     
          14          42  0.94399719228795953     
          15          43  0.86792122763137347     
          18          44  0.94033254143003941     
          19          45  0.86454761335006325     
