   -0.06327348
   -0.09159857
   -0.10660163
    0.05987646
    0.08916057
   -0.50026545
   -0.32380014
   -0.08028892
    0.06587970
   -0.30613887
   -0.44289530
   -0.16526778
   -0.10165150
    0.25059341
   -0.34967158
   -0.58952700
   -0.05033670
    0.07617162
   -0.20335372
   -0.38218038
    0.27245648
    0.09104753
    0.10299247
    0.09963142
    0.07738524
    0.35055850
    0.35148535
    0.12704420
    0.07544514
    0.34380895
    0.10455148
    0.08973358
    0.30060227
    0.11747467
    0.10308772
    0.35201520
   -0.05216952
    0.06771685
    0.09867382
    0.10043902
    0.09378814
    0.31972846
    0.11754627
    0.29852837
    0.12673974
    0.33291966
    0.15097178
    0.33538783
    0.26557861
