           2           3  0.97500880979106963     
           4           5  0.99273850203229730     
           8           9  0.94461080785889306     
           1          12   1.0320431334365263     
           4          12   1.8768015831454774     
           8          13  0.98615758173073553     
           9          14  0.98720233319083572     
          10          14   1.7371827711504655     
          13          14   1.0213481734197654     
           9          15  0.97764684480632325     
           3          17  0.97009022401572431     
           5          18  0.93378722864574792     
          17          18  0.96480037928062545     
           5          19  0.96128834214489933     
           7          19  0.97512720821748955     
          18          20   1.0263366673536507     
           3          21  0.69270507256185598     
          12          21  0.20466421064595611     
           1          22  0.95273571665189039     
           2          23  0.97546020315389703     
           2          24  0.97634823705709584     
           4          25  0.93580864391456742     
          11          26  0.85128019919577713     
           7          27  0.86381813843387478     
          13          28  0.92622570718855779     
           8          29  0.97620570264087259     
          11          30  0.86574281673076736     
          13          31  0.94668236602388178     
           8          32  0.97227815773160209     
          16          33  0.90792156484345121     
          17          34  0.95556816745331574     
          17          35  0.94972047825018269     
          20          36  0.83239827688245382     
           6          37  0.27586261610745549     
          10          37  0.25439072179332001     
          11          37  0.42634790424162750     
          15          37  0.24807596612213556     
          18          37  0.86058329095485531     
          20          37  0.20715457272124332     
           1          38  0.97464712963917643     
           1          39  0.94841910922193018     
           2          40  0.97653497499983066     
           5          41  0.91451132321300577     
           6          42  0.89277878290636903     
           9          43  0.91428455459884672     
          16          44  0.90860920464543804     
          37          45  0.37358252665863778     
          15          46  0.87068331314217429     
          37          47  0.38114936085681461     
          45          47  0.57163102034215219     
           6          48  0.86848015665367151     
           3          49  0.87492982605137704     
