   -0.06756003
    0.00966866
    0.13944884
   -0.07598428
    0.37084756
   -0.35929424
   -0.30927852
   -0.07572754
    0.37073589
   -0.36860834
   -0.31159776
   -0.10963120
   -0.04149502
    0.35695604
   -0.31127979
   -0.26181307
   -0.04322183
    0.37451488
   -0.36161075
   -0.31240856
    0.17494205
    0.04669446
    0.15293224
    0.15231794
    0.13421216
    0.14126138
    0.37712648
    0.14305297
    0.13464149
    0.37424507
    0.16279870
    0.12616317
    0.37430916
    0.11656391
    0.13081148
    0.36973855
    0.27552782
