           2           3   1.6976425373214410     
           3           4   1.0074027468562632     
           4           5  0.89211733704447149     
           5           6   1.7635044592901674     
           5           7   1.2346629042247459     
           6           7  0.19152002624522366     
           3           8   1.0031174797430682     
           8           9  0.90125156065112044     
           9          10   1.7615541697641910     
           9          11   1.2282117362080385     
          10          11  0.19165176162658640     
           1          12  0.13337823076201319     
          12          13   1.0431503166065426     
          13          14  0.97864218459974961     
          14          15   1.8469023775097635     
          14          16   1.0265470824460856     
          15          16  0.15418227923483430     
          12          17   1.0692094812975048     
          17          18  0.87646549062518997     
          18          19   1.7433702371550084     
          18          20   1.2304390032325745     
          19          20  0.18376387793090143     
           1          21  0.92281746435132816     
           1          22  0.19246701086834464     
           2          23  0.95123575736525279     
           2          24  0.95115650839402022     
           4          25  0.95311412674802509     
           4          26  0.92473649465589447     
           7          27  0.83010347479055102     
           8          28  0.92295722358635923     
           8          29  0.95247073994496867     
          11          30  0.83278757680636784     
          13          31  0.86096466814462047     
          13          32  0.90613498545970950     
          16          33  0.83030679661299678     
          17          34  0.91277050743987487     
          17          35  0.93833649432424715     
          20          36  0.83384027405073391     
           1          37   2.3478275525854033     
          12          37   1.1222326120639285     
          16          37  0.42631179803669422     
          22          37  0.76576479084697235     
