   -0.03863903
   -0.05854885
   -0.00103690
   -0.05105116
    0.22913942
   -0.32744822
   -0.40153750
   -0.05325088
    0.24434246
   -0.45125350
   -0.43200724
   -0.03780419
   -0.02986497
    0.22881765
   -0.40606510
   -0.32980148
   -0.05431640
    0.24270337
   -0.43486734
   -0.39940091
    0.12082984
    0.11257139
    0.12434076
    0.12734557
    0.12191310
    0.12479168
    0.34594681
    0.11751894
    0.10977683
    0.33829509
    0.15065447
    0.13936735
    0.36564620
    0.11083450
    0.09524342
    0.34027870
    0.06668567
    0.06905857
    0.36605193
    0.04496659
    0.33496495
    0.07992998
    0.34773387
    0.05276992
    0.35437464
