           1           2  0.95510198850251338     
           2           3  0.96268903876233747     
           3           4  0.96450177504535095     
           4           5  0.97313341619604776     
           5           6  0.89788850537491982     
           5           7   1.0640990791024367     
           3           8  0.97451461529884764     
           8           9  0.92347770535392815     
           9          10  0.99734124957930981     
           9          11   1.0283033174471641     
           1          12   1.0147058375160780     
          12          13   1.0512560244815017     
          13          14  0.92481642378525530     
          14          15   1.0623932357124470     
          14          16  0.91415910328835104     
          12          17   1.0508075705199464     
          17          18  0.86028244194046377     
          18          19   1.0189432895985306     
          18          20   1.0450681447284946     
           1          21  0.88286017381629001     
           1          22  0.95851238908578940     
           2          23  0.94638700712720436     
           2          24  0.94516671299836430     
           4          25  0.94257424774592280     
           4          26  0.94465529682470772     
           7          27  0.86320217503599461     
           8          28  0.94734562187030658     
           8          29  0.93753385138938394     
          11          30  0.86615455513802320     
          13          31  0.76419914970664871     
          13          32  0.94362029905066624     
          16          33  0.83631342899228378     
          17          34  0.95660858120804459     
          17          35  0.95789028555610756     
          20          36  0.86549081563383279     
           3          37  0.64051310912576287     
           6          37  0.47094096492937615     
          12          37  0.18805751389541825     
          13          37  0.17164642551134526     
          16          37  0.44224715964540529     
          31          37  0.17892402472106461     
           5          38  0.94682990991944671     
           6          39  0.83870971055319499     
           9          40  0.94588074961473811     
          10          41  0.86648697085994297     
          14          42  0.94225649888703888     
          15          43  0.85973610112768806     
          18          44  0.93462115755468245     
          19          45  0.85032315829453753     
