   -0.06257654
   -0.05126773
    0.08820020
   -0.04891832
    0.24716265
   -0.44420383
   -0.44614919
   -0.05104772
    0.23553554
   -0.42415267
   -0.35050812
    0.05654371
   -0.06465225
    0.25296123
   -0.44527415
   -0.42408198
   -0.05469485
    0.22499284
   -0.34670188
   -0.40708399
    0.12856771
    0.11963302
    0.13981654
    0.15906902
    0.10590694
    0.10633944
    0.33233942
    0.15372471
    0.10950734
    0.34882043
    0.11727217
    0.11181772
    0.33813879
    0.11945656
    0.11954923
    0.34370215
    0.01246922
    0.04683243
    0.33177561
    0.06578813
    0.33642306
    0.07909273
    0.33832267
    0.08823927
    0.36331275
