           2           3   1.2598118959528433     
           3           4  0.96742111974365874     
           4           5  0.95046617780334075     
           5           6   1.0033772630331337     
           5           7   1.0054889222615189     
           3           8  0.96008815123756941     
           8           9  0.97848257147926987     
           9          10   1.0276439016145422     
           9          11  0.93656173934725140     
           1          12   1.3140246118563299     
          12          13   1.0108846945894248     
          13          14  0.91771314783967339     
          14          15   1.0081640064576443     
          14          16   1.0391885995856811     
          12          17   1.0083833786393475     
          17          18  0.93275635872158602     
          18          19  0.92474064909876608     
          18          20   1.0550497795585212     
           1          21  0.91031990981817734     
           1          22  0.91766954412879731     
           2          23  0.91697913007695941     
           2          24  0.90813091519306599     
           4          25  0.95401831716199303     
           4          26  0.96247274097558499     
           7          27  0.86938993717286772     
           8          28  0.92264316238657340     
           8          29  0.95659085776653319     
          11          30  0.85627970630001315     
          13          31  0.95779792602812430     
          13          32  0.95227901570639539     
          16          33  0.86245532641530664     
          17          34  0.95535317834334565     
          17          35  0.95070818134055923     
          20          36  0.86387064769159772     
           1          37  0.66229817414763725     
           2          37  0.71679490783724675     
           3          37  0.48427094638661300     
          11          37  0.34692678659058135     
          12          37  0.27234862683557959     
          19          37  0.39031978687368485     
           5          38  0.94196851198407661     
           6          39  0.86862761288624457     
           9          40  0.95076508425890272     
          10          41  0.86903345510561103     
          14          42  0.84900737080594235     
          15          43  0.86278325820612423     
          18          44  0.93903803623341953     
          19          45  0.84141899837874345     
