   -0.03863838
   -0.05854117
   -0.00103576
   -0.05104918
    0.22914166
   -0.32745508
   -0.40153216
   -0.05325368
    0.24434094
   -0.45124027
   -0.43201595
   -0.03779793
   -0.02986781
    0.22881772
   -0.40605587
   -0.32980892
   -0.05431739
    0.24271768
   -0.43486654
   -0.39939926
    0.12085304
    0.11257236
    0.12432976
    0.12733791
    0.12190893
    0.12479268
    0.34594992
    0.11751514
    0.10977844
    0.33829665
    0.15065484
    0.13936734
    0.36564408
    0.11083692
    0.09523889
    0.34028091
    0.06666228
    0.06905757
    0.36604960
    0.04497488
    0.33496238
    0.07992510
    0.34773684
    0.05275204
    0.35437885
