           1           2  0.95508568584730147     
           2           3  0.96269752684198173     
           3           4  0.96450528609067532     
           4           5  0.97313347903766567     
           5           6  0.89787852312663796     
           5           7   1.0641098600942787     
           3           8  0.97452011485846912     
           8           9  0.92346690021268085     
           9          10  0.99735643911571725     
           9          11   1.0282953013725293     
           1          12   1.0147186544489515     
          12          13   1.0512518071547834     
          13          14  0.92482010886051158     
          14          15   1.0624090813602878     
          14          16  0.91414764183117181     
          12          17   1.0508118410648855     
          17          18  0.86027304948043659     
          18          19   1.0189519443723012     
          18          20   1.0450734814367046     
           1          21  0.88281460898299513     
           1          22  0.95851089246380927     
           2          23  0.94639971050277916     
           2          24  0.94517623372965964     
           4          25  0.94257395756298756     
           4          26  0.94465895175845016     
           7          27  0.86319920513961956     
           8          28  0.94734291007552485     
           8          29  0.93753119177205024     
          11          30  0.86615346465998555     
          13          31  0.76420134943217122     
          13          32  0.94362438241124524     
          16          33  0.83631564012818005     
          17          34  0.95661164089603901     
          17          35  0.95788566729639424     
          20          36  0.86548939299099170     
           3          37  0.64049641563958193     
           6          37  0.47093642457002544     
          12          37  0.18808129780864200     
          13          37  0.17163732806940915     
          16          37  0.44224993650235894     
          31          37  0.17892387338758051     
           5          38  0.94683016669906916     
           6          39  0.83871475350685798     
           9          40  0.94588369254566296     
          10          41  0.86648920153732623     
          14          42  0.94225809880387845     
          15          43  0.85973272341627915     
          18          44  0.93462271933136387     
          19          45  0.85032161383431415     
