   -0.04590597
   -0.04507021
   -0.02229310
   -0.05530579
    0.24361871
   -0.45558904
   -0.41641616
   -0.04778605
    0.22204182
   -0.34407052
   -0.38711816
   -0.00864826
   -0.05153528
    0.24623956
   -0.43990981
   -0.42972187
   -0.04809720
    0.22982677
   -0.39997718
   -0.33563420
    0.14114910
    0.10398502
    0.10694872
    0.11010945
    0.11367007
    0.10315353
    0.33626389
    0.12306734
    0.10127354
    0.33256512
    0.11412300
    0.10840388
    0.34101681
    0.12369062
    0.12621548
    0.36395584
    0.16738466
    0.05815709
    0.33998289
    0.11252141
    0.35997095
    0.04663407
    0.34240312
    0.06760881
    0.34709754
