           1           2  0.99413482342446124     
           2           3  0.95386234273725456     
           3           4  0.97666694013127031     
           4           5  0.91660985879838819     
           5           6   1.0044995999722395     
           5           7   1.0310321451561044     
           3           8  0.96777965324194837     
           8           9  0.96867445226729121     
           9          10  0.88836788162330571     
           9          11   1.0759195888030109     
           1          12  0.95674581613418996     
          12          13  0.97628522940021845     
          13          14  0.92211167603845456     
          14          15  0.99652309097224689     
          14          16   1.0318217583110914     
          12          17  0.96905157781652884     
          17          18  0.97298377415597659     
          18          19   1.0668151739596887     
          18          20  0.89366922093911449     
           1          21  0.92762114921685801     
           1          22  0.94932362348499710     
           2          23  0.95864534076237296     
           2          24  0.95687583819626088     
           4          25  0.93893227039618787     
           4          26  0.95136221285161982     
           7          27  0.86585735168481304     
           8          28  0.94099305481474482     
           8          29  0.94286385888944046     
          11          30  0.86506642107658305     
          13          31  0.94895392082025687     
          13          32  0.94125812447606105     
          16          33  0.86338642739654681     
          17          34  0.93979321793821147     
          17          35  0.94082142001375424     
          20          36  0.84022521217351576     
           3          37  0.60736238908204698     
          10          37  0.46242336842635595     
          12          37  0.62487313452765381     
          20          37  0.46523461348532547     
           5          38  0.93752524046933583     
           6          39  0.86302850684789578     
           9          40  0.93720985096834142     
          10          41  0.84622065283317793     
          14          42  0.93880705106862905     
          15          43  0.86065739075199377     
          18          44  0.94861636215515432     
          19          45  0.86237163608457590     
