   -0.04194407
   -0.03499132
   -0.04393200
   -0.04550752
    0.36546866
   -0.35211142
   -0.32881489
   -0.09263698
    0.34911159
   -0.24125588
   -0.25394791
    0.02119538
   -0.06167994
    0.37353971
   -0.31951642
   -0.30187105
   -0.07521293
    0.37180612
   -0.39310972
   -0.30438544
    0.11168338
    0.10884366
    0.13122817
    0.12067425
    0.13616815
    0.13079359
    0.38054921
    0.18995638
    0.17338779
    0.39540951
    0.12482506
    0.13257520
    0.38287312
    0.12506340
    0.17836574
    0.37652154
    0.21087790
