           1           2  0.95257631030148293     
           2           3   1.0495734526494531     
           3           4   1.0714247914524393     
           4           5  0.92625630920326352     
           5           6   1.7675257001625984     
           5           7   1.2116615998008391     
           6           7  0.19716550880600228     
           3           8   1.0166845554040536     
           8           9  0.95632028986150297     
           9          10   1.4744422203125285     
           9          11   1.3025070834823971     
          10          11  0.14131780794684315     
           1          12   1.0243124462643343     
          12          13   1.0752442746123576     
          13          14  0.85701156874304918     
          14          15   1.7662632497332909     
          14          16   1.2435417389353143     
          15          16  0.18874295006851638     
          12          17   1.0777055170309973     
          17          18  0.88540673164892203     
          18          19   1.7191769932192265     
          18          20   1.2487183832923692     
          19          20  0.18993058310981914     
           1          21  0.95805283685094145     
           1          22  0.94606755738436410     
           2          23  0.95168913402060185     
           2          24  0.73958786475360661     
           4          25  0.68804056772673750     
           4          26  0.93701052737123069     
           7          27  0.82926055605587801     
           8          28  0.88462962524666922     
           8          29  0.90598249565352851     
          11          30  0.81413043960233522     
          13          31  0.95507366157601237     
          13          32  0.91079552293833932     
          16          33  0.82394971045904208     
          17          34  0.93800808216435372     
          17          35  0.87355593876701843     
          20          36  0.82892057707854150     
           2          37  0.14561886512757308     
           3          37  0.17385889657948755     
           4          37  0.16935830792294027     
           9          37  0.11892442361132964     
          10          37  0.77297348987269354     
          24          37  0.21276722048825975     
          25          37  0.24548291495187108     
