   -0.00491082
   -0.01020984
   -0.15586242
   -0.04131773
    0.35326636
   -0.41936832
   -0.37852008
   -0.03011376
    0.35850402
   -0.40337630
   -0.37764441
   -0.15349827
   -0.03274330
    0.35907274
   -0.41102431
   -0.35893532
   -0.02482528
    0.36087520
   -0.39712539
   -0.36995603
    0.05949362
    0.01742929
    0.06368831
    0.03203479
    0.11142970
    0.08058569
    0.33169145
    0.07863140
    0.07841614
    0.33447948
    0.10821903
    0.04411803
    0.33278840
    0.04985502
    0.07921404
    0.33563889
