           1           2  0.99413061558453697     
           2           3  0.99685690609660504     
           3           4   1.0144897497988827     
           4           5  0.96778757831420981     
           5           6   1.7517755815699771     
           5           7   1.1343615118824932     
           6           7  0.17013815522343487     
           3           8   1.0078816695317698     
           8           9  0.97740853004295747     
           9          10   1.7601725663569607     
           9          11   1.1316375450645588     
          10          11  0.17069550659898441     
           1          12  0.99684281015466869     
          12          13   1.0061005447041933     
          13          14  0.97151514058351418     
          14          15   1.7573539054512257     
          14          16   1.1473694367406557     
          15          16  0.17588725961665522     
          12          17   1.0085150006162593     
          17          18  0.96530355973409598     
          18          19   1.7684689398879025     
          18          20   1.1430157238453122     
          19          20  0.17619118600014819     
           1          21  0.96901984949048947     
           1          22  0.96514936921035011     
           2          23  0.96971877948493568     
           2          24  0.96559575960594435     
           4          25  0.92502988798674357     
           4          26  0.95014300074390323     
           7          27  0.86409217188835441     
           8          28  0.95244160101506070     
           8          29  0.92516867086619869     
          11          30  0.86312326296571307     
          13          31  0.92554206788399440     
          13          32  0.95568389456270897     
          16          33  0.86457049055188040     
          17          34  0.93296377216396997     
          17          35  0.96242816602217529     
          20          36  0.86140538404349787     
