   -0.03233874
   -0.03236253
   -0.06854993
   -0.05483270
    0.36181882
   -0.28384743
   -0.28387164
   -0.05723292
    0.35539496
   -0.27660819
   -0.27987848
   -0.06862906
   -0.05470695
    0.36177063
   -0.28443131
   -0.28374544
   -0.05721236
    0.35550770
   -0.27615927
   -0.27990855
    0.08849479
    0.09706486
    0.09705981
    0.08867297
    0.12597688
    0.12068672
    0.38747579
    0.13164216
    0.13119975
    0.38862850
    0.12065172
    0.12568491
    0.38756519
    0.13108711
    0.13171325
    0.38869861
    0.29752035
