           1           2  0.99956968638321964     
           2           3  0.97443458483912437     
           3           4  0.99225450225025080     
           4           5  0.95742063342083727     
           5           6   1.6267732954372280     
           5           7   1.2736340048353307     
           6           7  0.17346992461923907     
           3           8  0.98905541546562492     
           8           9  0.97636204736202037     
           9          10   1.5518917758273072     
           9          11   1.2746783893983111     
          10          11  0.15748086122605101     
           1          12  0.97441861500236959     
          12          13  0.99260188993962561     
          13          14  0.95720449113942185     
          14          15   1.6263103120040907     
          14          16   1.2739706305050120     
          15          16  0.17340469835027744     
          12          17  0.98886212747895164     
          17          18  0.97633573327241063     
          18          19   1.5523738703061902     
          18          20   1.2745671325332302     
          19          20  0.15750853882734833     
           1          21  0.96027359408676904     
           1          22  0.95493837885977118     
           2          23  0.95492830148130692     
           2          24  0.96019052352632184     
           4          25  0.92988972531497638     
           4          26  0.94141846401190421     
           7          27  0.82138986368401001     
           8          28  0.92908594294838998     
           8          29  0.93122381931940945     
          11          30  0.82033353433116518     
          13          31  0.94120676558528826     
          13          32  0.93002675143819213     
          16          33  0.82129861441851870     
          17          34  0.93161441034626868     
          17          35  0.92884677812458705     
          20          36  0.82031664163218831     
           3          37  0.38992636446894008     
           6          37  0.41434049566532993     
          10          37  0.55528884178484261     
          12          37  0.38965541528644310     
          15          37  0.41384418078126683     
          19          37  0.55509186550856671     
