   -0.03106123
   -0.06009333
    0.03586570
   -0.06600240
    0.36416696
   -0.26816181
   -0.27355894
   -0.06724845
    0.36994997
   -0.30193279
   -0.28433024
    0.11953133
   -0.08471483
    0.36917413
   -0.35298142
   -0.32697076
   -0.07403101
    0.37132173
   -0.42020849
   -0.30185525
   -0.01489423
    0.13718791
    0.13688521
    0.13448971
    0.14956106
    0.14113640
    0.39078933
    0.13855644
    0.14875754
    0.38285663
    0.12981358
    0.13229900
    0.37570830
    0.15095275
    0.14783825
    0.37410427
    0.22709897
