           2           3   1.2768862826863798     
           3           4   1.0135220402062619     
           4           5  0.93711831965540304     
           5           6   1.5889667934677716     
           5           7   1.2899894515075558     
           6           7  0.16648842230825839     
           3           8   1.0102973133947069     
           8           9  0.93917973674164357     
           9          10   1.6248133427992040     
           9          11   1.2779067042116405     
          10          11  0.17157113498958942     
           1          12   1.6470520120531134     
          12          13  0.99580627302273583     
          13          14  0.89761484380216250     
          14          15   1.7877654617117045     
          14          16   1.2085706818212945     
          15          16  0.19584575084783715     
          12          17  0.98467894585456883     
          17          18  0.92257142405808001     
          18          19   1.7047772447076037     
          18          20   1.2508423727601219     
          19          20  0.18732172024469654     
           1          22  0.89450461287176730     
           2          23  0.91968509704866608     
           2          24  0.92178717970057877     
           4          25  0.91749760590112406     
           4          26  0.94248515307238712     
           7          27  0.81755379855547849     
           8          28  0.94285240536937376     
           8          29  0.92005390329252357     
          11          30  0.82408488974078675     
          13          31  0.93122563901430400     
          13          32  0.94104186596607808     
          16          33  0.83194084832838167     
          17          34  0.92112816886071758     
          17          35  0.94210944507887462     
          20          36  0.83180508238259476     
           1          37  0.94794100316509311     
           2          37  0.70514111720636918     
           3          37  0.23784396138491276     
           6          37  0.49155623764912271     
          10          37  0.38301346661038854     
          21          37  0.85881013388376659     
