   -0.07361977
   -0.05051608
    0.08874322
   -0.04698470
    0.24084141
   -0.41076473
   -0.37023703
   -0.06260393
    0.24525643
   -0.45774748
   -0.41013912
    0.06137629
   -0.05141872
    0.24640042
   -0.45458473
   -0.41487456
   -0.05433777
    0.23438571
   -0.40309740
   -0.36327471
    0.11921649
    0.13929978
    0.12983118
    0.14858558
    0.12148502
    0.12879683
    0.34476275
    0.10703851
    0.11412792
    0.33311714
    0.12075097
    0.10335406
    0.33440295
    0.11745746
    0.12392437
    0.36233978
    0.05362250
    0.04857707
    0.34099811
    0.06412840
    0.34031678
    0.05938019
    0.33802637
    0.06568363
    0.34797345
