           2           3   1.2850849770704063     
           3           4  0.95968192176815259     
           4           5  0.97133052775827700     
           5           6   1.0468021278196018     
           5           7  0.93343813710330981     
           3           8  0.96629012351225996     
           8           9  0.91284876129955150     
           9          10   1.0016806608836861     
           9          11   1.0370383715137332     
           1          12   1.2244145607652475     
          12          13  0.96521387232274403     
          13          14  0.92065445907450272     
          14          15   1.0010058380152875     
          14          16   1.0332302620391616     
          12          17  0.96660183551779921     
          17          18  0.95561077611339929     
          18          19   1.0621151642452942     
          18          20  0.92027735713344772     
           1          21  0.93297334255725983     
           1          22  0.91421199950863086     
           2          23  0.92393814597828872     
           2          24  0.91760719204342922     
           4          25  0.93983202224791784     
           4          26  0.95149818145250187     
           7          27  0.85923951826223799     
           8          28  0.96084351880638152     
           8          29  0.95201235023696007     
          11          30  0.86683175814626290     
          13          31  0.92933812161986196     
          13          32  0.96342800664316208     
          16          33  0.86709745371991154     
          17          34  0.95129957978244262     
          17          35  0.95347721423953291     
          20          36  0.84476215713142311     
           1          37  0.75608553362800091     
           2          37  0.67821527933479253     
           3          37  0.46170905680233165     
           7          37  0.30900588692649156     
          12          37  0.49611677982921915     
          20          37  0.36270449354553308     
           5          38  0.94956186777925655     
           6          39  0.86620724978509345     
           9          40  0.94192342190454881     
          10          41  0.86318375094388000     
          14          42  0.94089868472672222     
          15          43  0.86513553871017901     
          18          44  0.94590310141541878     
          19          45  0.86104295924799423     
