   -0.00467667
   -0.00491788
   -0.15420652
   -0.02938879
    0.35820545
   -0.40203683
   -0.37828121
   -0.05451720
    0.35442225
   -0.42555744
   -0.38342227
   -0.14618485
   -0.03958663
    0.35612231
   -0.41069597
   -0.36486189
   -0.03127981
    0.35254331
   -0.40589890
   -0.38075223
    0.03936972
    0.04247616
    0.04232651
    0.03887927
    0.07768673
    0.07545712
    0.33426608
    0.11142698
    0.10921313
    0.32802414
    0.06461001
    0.10721905
    0.33248143
    0.08135550
    0.07662772
    0.33355221
