           1           2   1.0004988718066283     
           2           3  0.99507045310081699     
           3           4   1.0090364869064570     
           4           5  0.97628383661882578     
           5           6   1.7620050516058403     
           5           7   1.1310611520962857     
           6           7  0.17097353660000589     
           3           8   1.0099999415300747     
           8           9  0.97717853825366374     
           9          10   1.7452585033246284     
           9          11   1.1259726712584683     
          10          11  0.16737183133859315     
           1          12  0.99575020139567183     
          12          13   1.0039553556965695     
          13          14  0.97431275195743394     
          14          15   1.7602690596598340     
          14          16   1.1392020465609520     
          15          16  0.17382950547449394     
          12          17   1.0191645417747477     
          17          18  0.95746576915017745     
          18          19   1.7672757265422570     
          18          20   1.1321895394455153     
          19          20  0.17250924797966846     
           1          21  0.97132864386445950     
           1          22  0.96416651734272263     
           2          23  0.97083382147856156     
           2          24  0.96373987196567168     
           4          25  0.92708104455120022     
           4          26  0.95252655439740153     
           7          27  0.86329635186864084     
           8          28  0.93489995820303418     
           8          29  0.92423711173818313     
          11          30  0.86673780491256991     
          13          31  0.95321922199285636     
          13          32  0.92412979214629654     
          16          33  0.86450469852374590     
          17          34  0.94619396833527059     
          17          35  0.94467915161835658     
          20          36  0.86303946865336878     
