   -0.03941340
   -0.05858613
   -0.01940927
   -0.06739719
    0.36348928
   -0.37654321
   -0.32200807
   -0.07107676
    0.35928717
   -0.27121401
   -0.25640679
   -0.03149822
   -0.06436159
    0.35710874
   -0.27068548
   -0.27240844
   -0.06563063
    0.36670537
   -0.39101248
   -0.30716493
    0.11707642
    0.11101130
    0.12373863
    0.12966265
    0.12693580
    0.13317010
    0.37799780
    0.14925322
    0.16290633
    0.39831301
    0.15584493
    0.14519674
    0.38538654
    0.13201584
    0.12890081
    0.37668548
    0.28413044
