           1           2  0.96356265243634542     
           2           3  0.95923656226876364     
           3           4  0.97194677092184578     
           4           5  0.91723873272758927     
           5           6   1.7531346406685360     
           5           7   1.2224238583629039     
           6           7  0.19499721074616078     
           3           8  0.96388495459488555     
           8           9  0.98183935878591821     
           9          10   1.5143045235726413     
           9          11   1.3138489636251915     
          10          11  0.15960985179692141     
           1          12   1.0326168515443308     
          12          13   1.0157886506930605     
          13          14  0.98384068253450607     
          14          15   1.4914111074719549     
          14          16   1.2835920011901838     
          15          16  0.15060515425470075     
          12          17   1.0371525168945432     
          17          18  0.89778643197977792     
          18          19   1.7167446580811860     
          18          20   1.2448004684994087     
          19          20  0.18593764288130979     
           1          21  0.86612888161150625     
           1          22  0.95891188956031514     
           2          23  0.94834634203905266     
           2          24  0.94418874204025338     
           4          25  0.93206870337003156     
           4          26  0.93398544569379993     
           7          27  0.83003040377355841     
           8          28  0.92000886538797622     
           8          29  0.92580799012925064     
          11          30  0.81178563914598001     
          13          31  0.87147690013192847     
          13          32  0.93874924472837673     
          16          33  0.82122731294924878     
          17          34  0.92966140827709065     
          17          35  0.93853089905593157     
          20          36  0.82915195503621486     
           3          37  0.63113382422389741     
          10          37  0.61194930691976168     
          12          37  0.10167047510271399     
          15          37  0.68152996107227526     
