   -0.05939368
   -0.07158857
    0.09224788
   -0.04551717
    0.24767598
   -0.44444902
   -0.44600885
   -0.04902994
    0.23639482
   -0.43136592
   -0.36483054
    0.04468988
   -0.05439234
    0.23314696
   -0.35571374
   -0.41378863
   -0.06251396
    0.23288806
   -0.33947358
   -0.41694491
    0.12360066
    0.11292642
    0.13524283
    0.14927193
    0.10817646
    0.10347782
    0.33194934
    0.14979171
    0.10626441
    0.34317032
    0.11364439
    0.11427883
    0.34167238
    0.10278065
    0.11435131
    0.34056837
    0.05030819
    0.04522130
    0.33089870
    0.06022258
    0.33427197
    0.06261755
    0.35728580
    0.06111510
    0.37485825
