           2           3   1.2404618488972905     
           3           4  0.96732597903453510     
           4           5  0.94988413399183014     
           5           6   1.0032020959245245     
           5           7   1.0053998465118084     
           3           8  0.95921584905110568     
           8           9  0.97796290060214974     
           9          10   1.0195500309191790     
           9          11  0.95032996829671401     
           1          12   1.2907974222293530     
          12          13  0.99427880137122382     
          13          14  0.95740362601924689     
          14          15  0.93359607835624903     
          14          16   1.0496310408316403     
          12          17   1.0131737251933564     
          17          18  0.91573400224510559     
          18          19  0.97676506221818371     
          18          20   1.0321908745564634     
           1          21  0.92052176075716796     
           1          22  0.91928965965384990     
           2          23  0.92166249127049682     
           2          24  0.91316161707722532     
           4          25  0.94978989722834295     
           4          26  0.96234634721045154     
           7          27  0.86926072058567316     
           8          28  0.92311104288619794     
           8          29  0.95758716025349677     
          11          30  0.86160279888025082     
          13          31  0.95694465993101918     
          13          32  0.94370468888454406     
          16          33  0.86543662397549692     
          17          34  0.95961331439492814     
          17          35  0.95504747904002429     
          20          36  0.86415143909849956     
           1          37  0.68623119725244919     
           2          37  0.73075450640516815     
           3          37  0.50813061294761397     
          11          37  0.28186886550925833     
          12          37  0.28795566341659651     
          15          37  0.35164643843084981     
          19          37  0.33146718416857773     
           5          38  0.94179423326204992     
           6          39  0.86925309832348052     
           9          40  0.95293141321259445     
          10          41  0.87078039007462471     
          14          42  0.94937383831683608     
          15          43  0.84640542667086704     
          18          44  0.94206475343011875     
          19          45  0.83359915950371799     
