   -0.06982620
   -0.06755162
    0.08652197
   -0.04800844
    0.23553806
   -0.42542906
   -0.36181098
   -0.06209433
    0.24741997
   -0.45460571
   -0.41332003
    0.05893105
   -0.05039750
    0.24562929
   -0.45404543
   -0.41958368
   -0.05748066
    0.23470629
   -0.40594466
   -0.37758091
    0.12445841
    0.14653319
    0.12981373
    0.15907494
    0.11947697
    0.12698857
    0.34489539
    0.13443024
    0.11309904
    0.33363146
    0.11325197
    0.09997635
    0.33258083
    0.11652412
    0.12383781
    0.35689037
    0.07026228
    0.06707894
    0.34228887
    0.05623652
    0.33842259
    0.05825935
    0.33814567
    0.06650527
    0.34626970
