           2           3   1.2763265368618781     
           3           4  0.96209237101013489     
           4           5  0.96960205198006755     
           5           6   1.0342036827292269     
           5           7  0.93563942867851646     
           3           8  0.95722599823061016     
           8           9  0.92060202148282289     
           9          10  0.99997773384949584     
           9          11   1.0348304089008156     
           1          12   1.2275844570810739     
          12          13  0.96139426117159488     
          13          14  0.92545468888206761     
          14          15   1.0025539027033528     
          14          16   1.0299561634604304     
          12          17  0.96122100002420419     
          17          18  0.95430263942116311     
          18          19   1.0569871984488179     
          18          20  0.92934127130955557     
           1          21  0.93483659056132828     
           1          22  0.91142637404726778     
           2          23  0.92547012918191873     
           2          24  0.91814401857057726     
           4          25  0.95211432598884771     
           4          26  0.94171149260497611     
           7          27  0.86019956155223642     
           8          28  0.94903675454580338     
           8          29  0.93476894179084391     
          11          30  0.86755712304181254     
          13          31  0.93286143983478031     
          13          32  0.96357776707485121     
          16          33  0.86853503416086442     
          17          34  0.95547829720553035     
          17          35  0.95373547470059739     
          20          36  0.84913130865118713     
           1          37  0.72969665054137001     
           2          37  0.66378399073590355     
           3          37  0.48134361357613642     
           7          37  0.31873107606922013     
          12          37  0.49732144433752845     
          20          37  0.32999999291585436     
           5          38  0.95357051001016879     
           6          39  0.86483475409877675     
           9          40  0.94072820802409407     
          10          41  0.86435521370259016     
          14          42  0.94283208669373564     
          15          43  0.86541124966873018     
          18          44  0.94426259374384292     
          19          45  0.86189208272186346     
