   -0.03233570
   -0.03236076
   -0.06855818
   -0.05479482
    0.36186855
   -0.28401877
   -0.28393388
   -0.05719583
    0.35541223
   -0.27646403
   -0.28010887
   -0.06864794
   -0.05472832
    0.36182207
   -0.28413070
   -0.28377435
   -0.05720863
    0.35546714
   -0.27605996
   -0.27991803
    0.08847640
    0.09708138
    0.09705647
    0.08865737
    0.12588013
    0.12062376
    0.38748229
    0.13164431
    0.13120536
    0.38855647
    0.12072180
    0.12576343
    0.38757624
    0.13111233
    0.13166808
    0.38866152
    0.29750141
