           1           2  0.99962115877769975     
           2           3  0.97434228772402609     
           3           4  0.99242002584020250     
           4           5  0.95730549942175058     
           5           6   1.6266939851106805     
           5           7   1.2738177006498514     
           6           7  0.17348070745881597     
           3           8  0.98901429807369334     
           8           9  0.97627193512483490     
           9          10   1.5523334284974151     
           9          11   1.2744331258856170     
          10          11  0.15750649614252857     
           1          12  0.97451627955492459     
          12          13  0.99257172687960882     
          13          14  0.95752411191193398     
          14          15   1.6258987956207267     
          14          16   1.2738642634110551     
          15          16  0.17330207536147274     
          12          17  0.98909603963801040     
          17          18  0.97626562620951540     
          18          19   1.5525091713352133     
          18          20   1.2743271683429720     
          19          20  0.15747877768569241     
           1          21  0.96024701641289034     
           1          22  0.95492956936206919     
           2          23  0.95497157729958726     
           2          24  0.96021082105358568     
           4          25  0.92992940808675773     
           4          26  0.94133079602417402     
           7          27  0.82131269674903651     
           8          28  0.92891437182896319     
           8          29  0.93143829035110393     
          11          30  0.82035557872925413     
          13          31  0.94107114042586537     
          13          32  0.93001566103994682     
          16          33  0.82131096652396629     
          17          34  0.93153032733230401     
          17          35  0.92882321042916816     
          20          36  0.82040040312207840     
           3          37  0.38985845506070210     
           6          37  0.41415934887001610     
          10          37  0.55521457712653299     
          12          37  0.38865085040418407     
          15          37  0.41512353397528728     
          19          37  0.55537584892011194     
