   -0.00307624
   -0.04701666
    0.04380384
   -0.07008128
    0.36575987
   -0.36220522
   -0.31609674
   -0.06258150
    0.30706436
   -0.09642695
   -0.24399380
   -0.06671756
   -0.04887269
    0.35808840
   -0.29671654
   -0.30159769
   -0.05052019
    0.37437235
   -0.32734450
   -0.30173958
    0.12775474
   -0.00685589
    0.15373444
    0.13873369
    0.11748601
    0.11689807
    0.37819200
    0.16037609
    0.15953481
    0.39959969
    0.19332493
    0.13909695
    0.36378825
    0.13205887
    0.12932991
    0.38350905
    0.05933672
