           2           3   1.2619577724788253     
           3           4   1.0052953232947472     
           4           5  0.89331169938867749     
           5           6   1.7679859983034891     
           5           7   1.2283473129528235     
           6           7  0.19504818860497672     
           3           8  0.99978183062398329     
           8           9  0.99300057634780869     
           1          10   1.0962805830474118     
           9          10   1.2634639873286799     
           9          11   1.3126872081888310     
          12          13   1.0711104171015278     
          13          14  0.97047725045135880     
          14          15   1.8649131226098499     
          14          16   1.0301756334780363     
          15          16  0.16116243449264078     
          12          17   1.0886777097500846     
          17          18  0.85046747249195276     
          18          19   1.7510749897813240     
          18          20   1.2466399620451998     
          19          20  0.18371598914877899     
           1          21  0.90882808265561177     
           1          22  0.10232872044087055     
           2          23  0.90915861022992095     
           2          24  0.91327488852579719     
           4          25  0.95952330287576615     
           4          26  0.93474633919910777     
           7          27  0.82907934869227762     
           8          28  0.90557366912693926     
           8          29  0.92891754723605624     
          11          30  0.81117364345706933     
          13          31  0.80765347723571834     
          13          32  0.89619652157408669     
          16          33  0.83965578481987357     
          17          34  0.90181404436955093     
          17          35  0.94336406083246194     
          20          36  0.82320817557222148     
           1          37   1.2056166651139497     
           2          37  0.68280014283884405     
           3          37  0.21985229792416794     
          12          37   1.0826146913201165     
          16          37  0.31538555334632323     
          22          37  0.78927298239404364     
