   -0.04413566
   -0.04534958
    0.01400134
   -0.06284696
    0.36881610
   -0.38047604
   -0.31404496
   -0.03673779
    0.38169023
   -0.36172920
   -0.31234954
   -0.04756690
   -0.06258970
    0.35967369
   -0.27590901
   -0.26698290
   -0.06539219
    0.35929094
   -0.26813684
   -0.26925763
    0.11459165
    0.12692584
    0.14653328
    0.09959629
    0.12436371
    0.13433409
    0.38059251
    0.14124115
    0.15824126
    0.38439111
    0.13601064
    0.14271079
    0.39445170
    0.13934970
    0.14207608
    0.39394548
    0.17067732
