           1           2  0.99370457128033662     
           2           3  0.94574963262003331     
           3           4  0.98329873282927993     
           4           5  0.90957693532876260     
           5           6   1.7450624530909735     
           5           7   1.2339593587209754     
           6           7  0.19412232720000855     
           3           8  0.99814021443875511     
           8           9  0.88491424069295388     
           9          10   1.7592263641254615     
           9          11   1.2301899969251873     
          10          11  0.19615114375265544     
           1          12  0.96633410006505549     
          12          13  0.98607075102959507     
          13          14  0.96317546499983608     
          14          15   1.5634352788000685     
          14          16   1.3008639803869886     
          15          16  0.16822480133627818     
          12          17  0.98691739802886758     
          17          18  0.96784783712822442     
          18          19   1.5667065348660349     
          18          20   1.2952234713758910     
          19          20  0.16541477526407486     
           1          21  0.94724365223539175     
           1          22  0.94365476768533219     
           2          23  0.93066061549579782     
           2          24  0.95835599260520110     
           4          25  0.94563227169038855     
           4          26  0.92663528582933774     
           7          27  0.82753947099806757     
           8          28  0.94025217922749593     
           8          29  0.76223416906645358     
          11          30  0.82434651820048499     
          13          31  0.93557028034183343     
          13          32  0.92206376137971480     
          16          33  0.81488412088353734     
          17          34  0.93111674462803939     
          17          35  0.92456789023488539     
          20          36  0.81577151424079508     
           3          37  0.62354692552283675     
           8          37  0.21115183852908129     
          12          37  0.45368921824399849     
          15          37  0.50845743748039174     
          19          37  0.52572096356645903     
          29          37  0.17952476239415488     
