   -0.07313161
   -0.04485399
    0.10355756
   -0.06955770
    0.25345323
   -0.42384016
   -0.41898173
   -0.07725101
    0.24576728
   -0.42590757
   -0.44115488
    0.08136854
   -0.05698644
    0.24630370
   -0.41449432
   -0.45607340
   -0.05498630
    0.23198114
   -0.39039402
   -0.34932227
    0.14233182
    0.12659304
    0.13642434
    0.17377504
    0.11764794
    0.14251083
    0.34631174
    0.11020887
    0.15795704
    0.33759830
    0.10745024
    0.12222815
    0.33791077
    0.11235593
    0.12008773
    0.35446962
   -0.02065692
    0.05687304
    0.34440203
    0.05106297
    0.33962350
    0.05796420
    0.33385328
    0.08966607
    0.33585436
