           2           3   1.4554232128761091     
           3           4   1.0193043986961734     
           4           5  0.87756629098753192     
           5           6   1.0311691643873975     
           5           7   1.0242565085216415     
           3           8   1.0157299361428678     
           8           9  0.90826823147802260     
           9          10   1.0273323156634935     
           9          11   1.0123874790163101     
           1          12   1.2310699093159143     
          12          13  0.96245128939794822     
          13          14  0.92313510727215609     
          14          15   1.0361200703396778     
          14          16  0.99777039055614181     
          12          17  0.96407144720708748     
          17          18  0.95826220093676662     
          18          19   1.0746738112353809     
          18          20  0.90767155503616015     
           1          21  0.91627509141777108     
           1          22  0.92361357361833796     
           2          23  0.91328118567482763     
           2          24  0.71617631850441799     
           4          25  0.95747153861406842     
           4          26  0.93550456058876275     
           7          27  0.85821564653845306     
           8          28  0.94885145824532835     
           8          29  0.91073083957706336     
          11          30  0.86409220140519882     
          13          31  0.96152485531068110     
          13          32  0.92796019680473241     
          16          33  0.86507306464165734     
          17          34  0.95139463543463287     
          17          35  0.94518465133357310     
          20          36  0.85209545718953850     
           1          37  0.73691094543730240     
           2          37  0.63443001698427881     
           3          37  0.18720790539766638     
          12          37  0.51535417762869618     
          20          37  0.40600208773966273     
          24          37  0.22349079830297597     
           5          38  0.93994924815326319     
           6          39  0.85859669324266652     
           9          40  0.93953680360226799     
          10          41  0.86423688294001377     
          14          42  0.94152023399140561     
          15          43  0.86749293143522010     
          18          44  0.94122089279561050     
          19          45  0.86360272926397530     
