   -0.04599557
   -0.04505467
   -0.02222110
   -0.05531253
    0.24360913
   -0.45553047
   -0.41642955
   -0.04788629
    0.22211912
   -0.34399178
   -0.38732055
   -0.00875932
   -0.05160199
    0.24623595
   -0.43960811
   -0.42978585
   -0.04801439
    0.22975585
   -0.40002094
   -0.33563907
    0.14129072
    0.10399420
    0.10691068
    0.11015868
    0.11372931
    0.10312376
    0.33623180
    0.12321822
    0.10120253
    0.33249547
    0.11399604
    0.10847431
    0.34108686
    0.12333720
    0.12627876
    0.36396262
    0.16736185
    0.05813079
    0.34000811
    0.11234585
    0.36004042
    0.04687430
    0.34241414
    0.06766601
    0.34711947
