           1           2  0.99416585779492628     
           2           3  0.95391745581718712     
           3           4  0.97663394068722575     
           4           5  0.91655936530323012     
           5           6   1.0044632858087221     
           5           7   1.0311453403943034     
           3           8  0.96781315977804139     
           8           9  0.96859172815135053     
           9          10  0.88891311001907858     
           9          11   1.0755605117018794     
           1          12  0.95667837203180039     
          12          13  0.97636742705451818     
          13          14  0.92191715548295750     
          14          15  0.99676579537914511     
          14          16   1.0317598683251985     
          12          17  0.96906758216468070     
          17          18  0.97304626425757945     
          18          19   1.0666831103730496     
          18          20  0.89379661964569002     
           1          21  0.92742600414022136     
           1          22  0.94923070606121651     
           2          23  0.95859988771229809     
           2          24  0.95684080463464083     
           4          25  0.93903364611363860     
           4          26  0.95125797655861200     
           7          27  0.86587058294135610     
           8          28  0.94090933895125561     
           8          29  0.94297732168511872     
          11          30  0.86513412007266022     
          13          31  0.94889941590551141     
          13          32  0.94144591049715043     
          16          33  0.86332890883589219     
          17          34  0.93984316023290237     
          17          35  0.94073581268637807     
          20          36  0.84027570897019199     
           3          37  0.60751208667217482     
          10          37  0.46199936487425397     
          12          37  0.62477261491837366     
          20          37  0.46504145303302397     
           5          38  0.93747513542583993     
           6          39  0.86300723323843864     
           9          40  0.93725223996030760     
          10          41  0.84611762462157825     
          14          42  0.93865381004830883     
          15          43  0.86067484605034206     
          18          44  0.94868133012402522     
          19          45  0.86240079346721876     
