    0.14486737
   -0.02567057
   -0.09283457
   -0.04290136
    0.34653648
   -0.25851716
   -0.29616746
   -0.04465375
    0.34669291
   -0.25020784
   -0.28379180
   -0.15259432
   -0.03294519
    0.39245982
   -0.31336402
   -0.30840143
   -0.04485183
    0.36558708
   -0.28042756
   -0.24441766
    0.11662982
   -0.01158989
    0.09973624
    0.07334243
    0.10997998
    0.12480181
    0.38465809
    0.10885975
    0.12709147
    0.39004923
    0.11560095
    0.12751845
    0.38287065
    0.15923036
    0.13414331
    0.40028455
    0.23239565
