           1           2  0.99392494353807159     
           2           3  0.99203143640824321     
           3           4  0.99345492079979481     
           4           5  0.96697867185966091     
           5           6   1.5285750497031856     
           5           7   1.2489184289590427     
           6           7  0.14638323688368027     
           3           8  0.98776175181540204     
           8           9  0.96086465988244862     
           9          10   1.5300210059763335     
           9          11   1.2678571811086594     
          10          11  0.15269301415726230     
           1          12   1.0278296862702503     
          12          13  0.99698394501989862     
          13          14  0.95826633678101281     
           1          15  0.87074548755188075     
          14          15   1.0991071217228210     
          14          16   1.2266341717464364     
          12          17   1.0101666144728274     
          17          18  0.99287381667464691     
          14          19  0.52396434722811980     
          18          19   1.4708413756987770     
          18          20   1.3486863446965369     
          19          20  0.14941441470909317     
           1          21  0.90531992807817174     
           2          23  0.95753251260083860     
           2          24  0.95915221012590057     
           4          25  0.94368335156126637     
           4          26  0.93017720589850195     
           7          27  0.82411355704212663     
           8          28  0.95039460830860900     
           8          29  0.92937735282114087     
          11          30  0.81935115487248045     
          13          31  0.96101939128253699     
          13          32  0.94294867002669069     
          16          33  0.82486904261019012     
          17          34  0.91088951037896704     
          17          35  0.92696580067990264     
          20          36  0.80868169671797330     
           3          37  0.27580280663352741     
           5          37  0.12319597934192227     
           6          37  0.63383997056630637     
           9          37  0.11410360915538159     
          10          37  0.63932326790239502     
          22          37  0.94969742171601379     
