   -0.07306287
   -0.04492475
    0.10338002
   -0.06953542
    0.25343152
   -0.42387406
   -0.41893643
   -0.07717078
    0.24579086
   -0.42597499
   -0.44106529
    0.08156813
   -0.05687293
    0.24636845
   -0.41445074
   -0.45597354
   -0.05502223
    0.23194388
   -0.39037805
   -0.34920969
    0.14245210
    0.12643108
    0.13639486
    0.17366571
    0.11764179
    0.14238986
    0.34632554
    0.11018595
    0.15793229
    0.33759079
    0.10746444
    0.12205779
    0.33797770
    0.11238209
    0.12002328
    0.35446968
   -0.02072390
    0.05688432
    0.34438240
    0.05100075
    0.33962801
    0.05799431
    0.33384897
    0.08973404
    0.33583506
