           2           3   1.4546563728175468     
           3           4   1.0193033195449983     
           4           5  0.87765393997972441     
           5           6   1.0311681869829328     
           5           7   1.0242083180407973     
           3           8   1.0157659936218368     
           8           9  0.90817015934665646     
           9          10   1.0272402282114383     
           9          11   1.0125212929952223     
           1          12   1.2309659008307445     
          12          13  0.96262705214969513     
          13          14  0.92284673796910222     
          14          15   1.0360309739592364     
          14          16  0.99797863660763286     
          12          17  0.96412468448785327     
          17          18  0.95828322056740090     
          18          19   1.0746726654824044     
          18          20  0.90761728376808015     
           1          21  0.91639124224443791     
           1          22  0.92371408022038826     
           2          23  0.91343284328174368     
           2          24  0.71655652847994389     
           4          25  0.95748532876334025     
           4          26  0.93557304396170704     
           7          27  0.85821414915716154     
           8          28  0.94875698002871278     
           8          29  0.91090038765918047     
          11          30  0.86409338694359950     
          13          31  0.96139341305563542     
          13          32  0.92812533198065328     
          16          33  0.86501152005288828     
          17          34  0.95139662362393540     
          17          35  0.94510784039443174     
          20          36  0.85211390184753277     
           1          37  0.73631029104784840     
           2          37  0.63487706741181404     
           3          37  0.18757069546318242     
          12          37  0.51533067085627016     
          20          37  0.40621395500497748     
          24          37  0.22310338071278990     
           5          38  0.93999179178881642     
           6          39  0.85862965215824316     
           9          40  0.93943543541570851     
          10          41  0.86423813916888981     
          14          42  0.94140793048626992     
          15          43  0.86748627789874078     
          18          44  0.94122889779291663     
          19          45  0.86360553182518229     
