   -0.03231299
   -0.03238840
   -0.06843930
   -0.05480963
    0.36187549
   -0.28427869
   -0.28381003
   -0.05720402
    0.35540170
   -0.27636510
   -0.28000370
   -0.06873003
   -0.05471745
    0.36182124
   -0.28405560
   -0.28370158
   -0.05717048
    0.35541189
   -0.27613337
   -0.27994891
    0.08847962
    0.09704433
    0.09707045
    0.08866953
    0.12591057
    0.12058517
    0.38752916
    0.13163110
    0.13116553
    0.38861619
    0.12069673
    0.12572803
    0.38757768
    0.13106477
    0.13166708
    0.38865160
    0.29747142
