           1           2  0.99964364921999438     
           2           3  0.97433069455179444     
           3           4  0.99250337763120344     
           4           5  0.95732711306799845     
           5           6   1.6263094528313793     
           5           7   1.2740641760383575     
           6           7  0.17345162448740406     
           3           8  0.98915088066334567     
           8           9  0.97609056266498517     
           9          10   1.5519475913411891     
           9          11   1.2747874995534816     
          10          11  0.15752061156145608     
           1          12  0.97445713377845100     
          12          13  0.99252322484491973     
          13          14  0.95744183046567211     
          14          15   1.6260496548605228     
          14          16   1.2738952634545162     
          15          16  0.17333723916880095     
          12          17  0.98911055169580275     
          17          18  0.97630857407088378     
          18          19   1.5521329331350182     
          18          20   1.2744227628366080     
          19          20  0.15743748097992330     
           1          21  0.96021354186409158     
           1          22  0.95493250615312641     
           2          23  0.95498003371103279     
           2          24  0.96022370988933703     
           4          25  0.92994876367323076     
           4          26  0.94126877640874063     
           7          27  0.82125563689535075     
           8          28  0.92891791725462813     
           8          29  0.93152527232879001     
          11          30  0.82031008729898758     
          13          31  0.94111467008821637     
          13          32  0.93002536341705644     
          16          33  0.82130666043615985     
          17          34  0.93151853597573930     
          17          35  0.92881778756691158     
          20          36  0.82035789569853990     
           3          37  0.38922523579848722     
           6          37  0.41461140593625145     
          10          37  0.55547577121122216     
          12          37  0.38912449758398593     
          15          37  0.41473334572793791     
          19          37  0.55576556325041127     
