   -0.01258414
   -0.00971903
   -0.15801602
   -0.02738396
    0.35773444
   -0.40170472
   -0.37865631
   -0.03981592
    0.35365266
   -0.42165053
   -0.37717454
   -0.15265904
   -0.02305571
    0.35861594
   -0.39191172
   -0.37729029
   -0.03192993
    0.36364816
   -0.41018729
   -0.35691073
    0.04480732
    0.05592382
    0.05191760
    0.02914544
    0.07567547
    0.07625912
    0.33405997
    0.10831007
    0.08633141
    0.33134206
    0.07876446
    0.05442438
    0.33528238
    0.10145404
    0.03986586
    0.33343529
