           1           2  0.98314051134657243     
           2           3  0.99559295377704393     
           3           4   1.0095557926983723     
           4           5  0.97597101871620973     
           5           6   1.7632573868902515     
           5           7   1.1300183579249472     
           6           7  0.17098051896831323     
           3           8   1.0151935290662184     
           8           9  0.96794633522252194     
           9          10   1.7496610488280493     
           9          11   1.1359757115395934     
          10          11  0.17006425641036785     
           1          12   1.0036116057554507     
          12          13   1.0134428061031644     
          13          14  0.96688770752561570     
          14          15   1.7760238080592328     
          14          16   1.1316846295955674     
          15          16  0.17393889711413815     
          12          17  0.99248411113213797     
          17          18  0.96570103287271558     
          18          19   1.7602623214600572     
          18          20   1.1544862494766543     
          19          20  0.17863389156893533     
           1          21  0.96725316615606316     
           1          22  0.96626201074764717     
           2          23  0.97014903626490001     
           2          24  0.96762537967121665     
           4          25  0.92527766876071982     
           4          26  0.95361933070076677     
           7          27  0.86339809150347968     
           8          28  0.92850729336571580     
           8          29  0.94646241511001039     
          11          30  0.86432952235577643     
          13          31  0.95560828709689538     
          13          32  0.93065112994784138     
          16          33  0.86253023955197705     
          17          34  0.94257320178881199     
          17          35  0.96169948948291173     
          20          36  0.86338311431159931     
