   -0.04130773
   -0.04178866
   -0.03007275
   -0.06317202
    0.36344608
   -0.36406179
   -0.32320882
   -0.06236644
    0.36198238
   -0.26202971
   -0.25932412
   -0.03519743
   -0.05954086
    0.36297288
   -0.36496657
   -0.32247258
   -0.06266869
    0.36222343
   -0.26825002
   -0.25849352
    0.10525517
    0.13102411
    0.14214763
    0.10655630
    0.12520509
    0.11698291
    0.37940465
    0.15087569
    0.14966317
    0.39834538
    0.11869002
    0.12196272
    0.37938963
    0.14137864
    0.15763847
    0.39771938
    0.24605798
