           1           2  0.99625125935416126     
           2           3  0.95141474669214499     
           3           4  0.98175165471154324     
           4           5  0.90992319915344799     
           5           6   1.7563471052862196     
           5           7   1.2225835934350813     
           6           7  0.19398606360241766     
           3           8  0.96859281896660410     
           8           9  0.97420064448848831     
           9          10   1.5402352149511789     
           9          11   1.3121152042499487     
          10          11  0.16481082956890503     
           1          12  0.95341686480695020     
          12          13  0.98071013787799399     
          13          14  0.90892616076831934     
          14          15   1.7580567715667208     
          14          16   1.2230845200380478     
          15          16  0.19485522464062843     
          12          17  0.96607011441525903     
          17          18  0.96982251172841005     
          18          19   1.5473209179337772     
          18          20   1.3146890183858562     
          19          20  0.16720802499950788     
           1          21  0.95965579254957178     
           1          22  0.95019957033717928     
           2          23  0.93179358903038378     
           2          24  0.93518644278246732     
           4          25  0.93835844071120444     
           4          26  0.93466570272664440     
           7          27  0.82874655049192603     
           8          28  0.93126413888304738     
           8          29  0.92144627319524075     
          11          30  0.81146034601837724     
          13          31  0.93571982348158955     
          13          32  0.93524743873536165     
          16          33  0.82871536210835994     
          17          34  0.92097634425509911     
          17          35  0.92642452517069818     
          20          36  0.81195872652657319     
           3          37  0.57420170087548528     
          10          37  0.55794716801712874     
          12          37  0.56557941925068678     
          19          37  0.53318003056546859     
