    0.00135377
   -0.04595086
    0.03794518
   -0.06527218
    0.37552637
   -0.38292820
   -0.29982347
   -0.06393352
    0.37576504
   -0.32513305
   -0.29138129
   -0.16716870
   -0.16621761
    0.36634607
   -0.29921960
   -0.36926189
   -0.16579673
    0.36302417
   -0.32245600
   -0.27943153
    0.17074473
    0.13657355
    0.11726108
    0.15880599
    0.13594659
    0.13935290
    0.38215242
    0.13179075
    0.13721973
    0.38621877
    0.14858112
    0.13993340
    0.36711048
    0.14239711
    0.15551137
    0.38072135
    0.49369271
