           1           2  0.87051781471843970     
           2           3   1.0786978687733924     
           3           4   1.0608409086133297     
           4           5  0.87447128670993712     
           5           6   1.7303875258553927     
           5           7   1.2536690466394609     
           6           7  0.19150728711178983     
           3           8   1.0811998174346118     
           8           9  0.84398190831772768     
           9          10   1.7607343656404100     
           9          11   1.2591216751315673     
          10          11  0.19205057487976532     
           1          12   1.1752888990498480     
          12          13  0.17190516003087691     
          13          14  0.97365310067118183     
          14          15   1.8338399335864506     
          14          16   1.0552735166645715     
          15          16  0.16533147966300762     
          17          18   1.1503969997555539     
          18          19   1.3473672890134880     
          18          20   1.2625062705598786     
          19          20  0.12034380666787113     
           1          21  0.85558234031923963     
           1          22  0.89799037325129316     
           2          23  0.95623899762581055     
           2          24  0.88645751356117419     
           4          25  0.94791515444138830     
           4          26  0.90822347429630013     
           7          27  0.82389940795095740     
           8          28  0.91391583915135044     
           8          29  0.95179112658379250     
          11          30  0.82024897735268831     
          13          31  0.90448199358450510     
          13          32  0.93352636097067720     
          16          33  0.83525626797001551     
          17          34  0.93478325548038610     
          17          35  0.88768010809539977     
          20          36  0.82666316276069041     
          12          37   1.9467185255763342     
          13          37  0.75860493046915045     
          16          37  0.17916575438610821     
          17          37  0.71890747492476170     
          18          37  0.11262176943249191     
          19          37  0.67532520470095814     
