   -0.01045511
   -0.01044390
   -0.15427630
   -0.02866120
    0.36505619
   -0.40488693
   -0.37148390
   -0.02411342
    0.36189253
   -0.40230926
   -0.36221229
   -0.15429988
   -0.02866899
    0.36504479
   -0.40486413
   -0.37155505
   -0.02411732
    0.36188953
   -0.40227747
   -0.36225205
    0.06786879
    0.03084877
    0.03086410
    0.06782283
    0.05043661
    0.09737249
    0.33255117
    0.07284291
    0.04491726
    0.33463379
    0.09745099
    0.05043905
    0.33252205
    0.04494082
    0.07284996
    0.33463257
