           1           2  0.98869075339274848     
           2           3  0.99324574741441696     
           3           4   1.0112198977679552     
           4           5  0.96903299970298939     
           5           6   1.7658560114734070     
           5           7   1.1367641314629588     
           6           7  0.17328724055974079     
           3           8  0.99703216249307758     
           8           9  0.95608101026161141     
           9          10   1.7666576455112306     
           9          11   1.1524888689090398     
          10          11  0.17901674628247277     
           1          12  0.99324149768211090     
          12          13   1.0112366713778091     
          13          14  0.96909010010642438     
          14          15   1.7658954177763102     
          14          16   1.1366505738851060     
          15          16  0.17326715172835994     
          12          17  0.99706933821960109     
          17          18  0.95610503419670723     
          18          19   1.7666954837367710     
          18          20   1.1524475382978692     
          19          20  0.17901243736599656     
           1          21  0.96437928254285243     
           1          22  0.97117321354781527     
           2          23  0.97117969353105160     
           2          24  0.96439805061785633     
           4          25  0.95196349478810038     
           4          26  0.93158807206548033     
           7          27  0.86417490031188304     
           8          28  0.96992533934600467     
           8          29  0.95267063989520073     
          11          30  0.86160580180999213     
          13          31  0.93153320084504065     
          13          32  0.95192221692668422     
          16          33  0.86420037268211858     
          17          34  0.95258501542905982     
          17          35  0.96993989941925773     
          20          36  0.86160449872689848     
