   -0.06334791
   -0.05128519
    0.08787049
   -0.04921990
    0.24697557
   -0.44408785
   -0.44602517
   -0.05073397
    0.23564764
   -0.42317446
   -0.35103717
    0.05634933
   -0.06367297
    0.25234354
   -0.44727909
   -0.42358299
   -0.05973442
    0.22431467
   -0.32581945
   -0.41324413
    0.12833572
    0.11955912
    0.13995292
    0.15883928
    0.10604789
    0.10629546
    0.33216536
    0.15402733
    0.10955913
    0.34824366
    0.11472970
    0.11124055
    0.33759675
    0.10897408
    0.11606396
    0.34428083
    0.01182644
    0.04682915
    0.33160775
    0.06577220
    0.33595339
    0.07928501
    0.33781484
    0.08852970
    0.37521318
