           2           3   1.2573856011936251     
           3           4  0.96738873443190243     
           4           5  0.95073187919250080     
           5           6   1.0032223346479188     
           5           7   1.0055197267638312     
           3           8  0.95985968839613900     
           8           9  0.97908661734202085     
           9          10   1.0287496110612355     
           9          11  0.93494579874346495     
           1          12   1.3087196943309505     
          12          13   1.0104459271168449     
          13          14  0.91876071240158774     
          14          15   1.0062965564256137     
          14          16   1.0391996345025860     
          12          17   1.0131922620030573     
          17          18  0.91500590494433987     
          18          19  0.95676580884803786     
          18          20   1.0378013408105204     
           1          21  0.91053164274201503     
           1          22  0.91769249019724886     
           2          23  0.91745982749591937     
           2          24  0.90816191126259715     
           4          25  0.95435501224552233     
           4          26  0.96253492680094110     
           7          27  0.86948345470414790     
           8          28  0.92260219322378734     
           8          29  0.95674115952448535     
          11          30  0.85674400547851459     
          13          31  0.95827934452111463     
          13          32  0.95262587622022388     
          16          33  0.86289348646931296     
          17          34  0.95836503124681605     
          17          35  0.95295593697771186     
          20          36  0.86347000529331530     
           1          37  0.66319016091416716     
           2          37  0.71898834418647806     
           3          37  0.48672862668057265     
          11          37  0.34813356769442250     
          12          37  0.27090528747715426     
          19          37  0.39400052387653745     
           5          38  0.94195479416803263     
           6          39  0.86866180821312455     
           9          40  0.95033513864538011     
          10          41  0.86912722503799134     
          14          42  0.85262705060246879     
          15          43  0.86334524415029723     
          18          44  0.93869327001625136     
          19          45  0.83103083431585967     
