   -0.04595820
   -0.04512605
   -0.02228478
   -0.05527749
    0.24354068
   -0.45556452
   -0.41640199
   -0.04793307
    0.22217928
   -0.34407201
   -0.38720665
   -0.00858347
   -0.05143095
    0.24635899
   -0.44036577
   -0.42964505
   -0.04805171
    0.22972951
   -0.39988549
   -0.33585056
    0.14132791
    0.10402733
    0.10703539
    0.11016952
    0.11344772
    0.10326094
    0.33623225
    0.12342964
    0.10132522
    0.33257993
    0.11444117
    0.10826350
    0.34086304
    0.12408448
    0.12631772
    0.36379564
    0.16776437
    0.05818338
    0.33998368
    0.11211660
    0.35996704
    0.04614643
    0.34248752
    0.06760258
    0.34697626
