           1           2  0.99411000892760037     
           2           3  0.95386195491057557     
           3           4  0.97668020838724157     
           4           5  0.91666980373404516     
           5           6   1.0044238839731650     
           5           7   1.0310261370488540     
           3           8  0.96769256513883628     
           8           9  0.96868447354809895     
           9          10  0.88873808722889169     
           9          11   1.0756996634769920     
           1          12  0.95674490957569513     
          12          13  0.97611620796089371     
          13          14  0.92253445875036266     
          14          15  0.99613767330753367     
          14          16   1.0318779205862905     
          12          17  0.96896468465564378     
          17          18  0.97328105833784639     
          18          19   1.0668791862831815     
          18          20  0.89327847733966081     
           1          21  0.92756639481984648     
           1          22  0.94935170547613545     
           2          23  0.95858273957916562     
           2          24  0.95683795540067307     
           4          25  0.93920635739291747     
           4          26  0.95128316302217397     
           7          27  0.86588196225112124     
           8          28  0.94080996385299809     
           8          29  0.94281750523114483     
          11          30  0.86511196011803937     
          13          31  0.94898087148767551     
          13          32  0.94129553015847078     
          16          33  0.86350480605646041     
          17          34  0.93972608145649483     
          17          35  0.94077232950896961     
          20          36  0.84041944084088460     
           3          37  0.60763537993358940     
          10          37  0.46196513437920850     
          12          37  0.62534303224253218     
          20          37  0.46525211256107207     
           5          38  0.93750236618384986     
           6          39  0.86303493651107799     
           9          40  0.93731411718398572     
          10          41  0.84624918487828638     
          14          42  0.93892492114889736     
          15          43  0.86053273513926143     
          18          44  0.94860890951686394     
          19          45  0.86244583541347364     
