   -0.03864239
   -0.05849977
   -0.00113518
   -0.05101778
    0.22916327
   -0.32715300
   -0.40162276
   -0.05332638
    0.24443979
   -0.45120469
   -0.43193125
   -0.03782297
   -0.02987020
    0.22876421
   -0.40622963
   -0.32981661
   -0.05439931
    0.24256416
   -0.43523634
   -0.39985765
    0.12057489
    0.11264155
    0.12441324
    0.12739151
    0.12158418
    0.12478905
    0.34595568
    0.11758374
    0.10965479
    0.33836603
    0.15065048
    0.13954164
    0.36576910
    0.11088803
    0.09519645
    0.34029570
    0.06764486
    0.06914799
    0.36614829
    0.04478913
    0.33502806
    0.07990450
    0.34771493
    0.05292712
    0.35423352
