           1           2  0.95486332900816961     
           2           3  0.96263854330696208     
           3           4  0.96443780412950986     
           4           5  0.97312256047862333     
           5           6  0.89801693632415713     
           5           7   1.0639970116516109     
           3           8  0.97444323667933763     
           8           9  0.92347945351192051     
           9          10  0.99739191046435838     
           9          11   1.0283805604166683     
           1          12   1.0146702503620006     
          12          13   1.0511024453862183     
          13          14  0.92504804630407311     
          14          15   1.0620065410502917     
          14          16  0.91445578031337205     
          12          17   1.0508144298886017     
          17          18  0.86043750848640177     
          18          19   1.0185915169668505     
          18          20   1.0449306247468813     
           1          21  0.88327091707434924     
           1          22  0.95842592687471451     
           2          23  0.94634748996169338     
           2          24  0.94520932330770557     
           4          25  0.94267618173315670     
           4          26  0.94460328148701944     
           7          27  0.86318047676763665     
           8          28  0.94743286065035537     
           8          29  0.93783163367143507     
          11          30  0.86613626532267241     
          13          31  0.76444627876512306     
          13          32  0.94365868118516938     
          16          33  0.83620837813499316     
          17          34  0.95628231994466506     
          17          35  0.95834468700385866     
          20          36  0.86549855051605051     
           3          37  0.64062832036580797     
           6          37  0.47142956355673132     
          12          37  0.18778456858164752     
          13          37  0.17138827133445458     
          16          37  0.44204067764672017     
          31          37  0.17860587418430129     
           5          38  0.94675003997618135     
           6          39  0.83856356751971950     
           9          40  0.94570897412781529     
          10          41  0.86647809738729176     
          14          42  0.94237344673814583     
          15          43  0.85987223189362294     
          18          44  0.93467676793557486     
          19          45  0.85039847211512321     
