   -0.00280763
   -0.04663625
    0.04421004
   -0.07009748
    0.36570170
   -0.36216742
   -0.31607042
   -0.06263150
    0.30648432
   -0.09637163
   -0.24416516
   -0.06651824
   -0.04900992
    0.35807070
   -0.29671166
   -0.30176726
   -0.05045879
    0.37438920
   -0.32737960
   -0.30149441
    0.12787656
   -0.00639361
    0.15352685
    0.13922486
    0.11749534
    0.11684640
    0.37822641
    0.16006821
    0.15928934
    0.39937195
    0.19350986
    0.13916629
    0.36368773
    0.13202494
    0.12936253
    0.38357072
    0.05857704
