           2           3   1.2628395833452382     
           3           4   1.0051054872080036     
           4           5  0.89319856441215306     
           5           6   1.7679774035758358     
           5           7   1.2285315151725411     
           6           7  0.19509597270975723     
           3           8  0.99921452784840503     
           8           9  0.99295036619314458     
           1          10   1.0975751747154137     
           9          10   1.2623926085304296     
           9          11   1.3122158895529219     
          12          13   1.0705804085250370     
          13          14  0.97049422512496564     
          14          15   1.8652181174673250     
          14          16   1.0296953636571928     
          15          16  0.16113773479269894     
          12          17   1.0883368424399185     
          17          18  0.85048521234987962     
          18          19   1.7509937847436823     
          18          20   1.2467781344681139     
          19          20  0.18377534220257766     
           1          21  0.90874747148544033     
           1          22  0.10303867356071085     
           2          23  0.90931783789696385     
           2          24  0.91329270238294535     
           4          25  0.95960787627863731     
           4          26  0.93484935683376169     
           7          27  0.82903630332559397     
           8          28  0.90592209766889364     
           8          29  0.92923963742335358     
          11          30  0.81130764052031967     
          13          31  0.80771520149653453     
          13          32  0.89627128188415783     
          16          33  0.83972868162039982     
          17          34  0.90202272723757215     
          17          35  0.94339365449513291     
          20          36  0.82318240407851617     
           1          37   1.2027219311096955     
           2          37  0.68127200538754418     
           3          37  0.22073824844965642     
          12          37   1.0847055354163460     
          16          37  0.31529431386212803     
          22          37  0.78846901067689701     
