   -0.04595355
   -0.04507157
   -0.02229818
   -0.05525180
    0.24360800
   -0.45564529
   -0.41639267
   -0.04792194
    0.22218121
   -0.34405206
   -0.38733825
   -0.00870177
   -0.05157802
    0.24625667
   -0.43972201
   -0.42972818
   -0.04802057
    0.22969395
   -0.39989404
   -0.33574860
    0.14120823
    0.10397668
    0.10690725
    0.11016348
    0.11352733
    0.10309880
    0.33619892
    0.12347175
    0.10116526
    0.33248264
    0.11409647
    0.10856181
    0.34107299
    0.12356545
    0.12629042
    0.36392960
    0.16751965
    0.05809208
    0.33997198
    0.11216712
    0.36002875
    0.04676662
    0.34242592
    0.06778868
    0.34710081
