           1           2  0.99418406323048358     
           2           3  0.95389035118478682     
           3           4  0.97659095870625889     
           4           5  0.91672280607043743     
           5           6   1.0042854355838229     
           5           7   1.0311833117767728     
           3           8  0.96776481683026805     
           8           9  0.96871288519727772     
           9          10  0.88893060199567597     
           9          11   1.0754895341028854     
           1          12  0.95672393952543555     
          12          13  0.97627037126823057     
          13          14  0.92194535367731900     
          14          15  0.99669929418904279     
          14          16   1.0318203018225618     
          12          17  0.96901934714374482     
          17          18  0.97318149859486847     
          18          19   1.0669185193441713     
          18          20  0.89336629234411058     
           1          21  0.92756699183472680     
           1          22  0.94930764976591320     
           2          23  0.95860244579226861     
           2          24  0.95684050729635239     
           4          25  0.93924378691008437     
           4          26  0.95124896619855281     
           7          27  0.86589478632540873     
           8          28  0.94077803300128082     
           8          29  0.94289993680511108     
          11          30  0.86515758856399039     
          13          31  0.94893423623857664     
          13          32  0.94125745586317588     
          16          33  0.86333410805344679     
          17          34  0.93979140391227811     
          17          35  0.94075603080438441     
          20          36  0.84027250565183131     
           3          37  0.60749419677043714     
          10          37  0.46187239216565168     
          12          37  0.62501516006190916     
          20          37  0.46537995713623165     
           5          38  0.93756024095007295     
           6          39  0.86304844418498960     
           9          40  0.93730253728830570     
          10          41  0.84614486483902773     
          14          42  0.93869548450123597     
          15          43  0.86065150555296310     
          18          44  0.94863634598285129     
          19          45  0.86237772679053459     
