   -0.03879030
   -0.05848143
   -0.00081898
   -0.05134024
    0.22925243
   -0.32667684
   -0.40165227
   -0.05339924
    0.24432283
   -0.45163494
   -0.43176997
   -0.03760150
   -0.02980325
    0.22891677
   -0.40617231
   -0.33010116
   -0.05425184
    0.24275005
   -0.43513563
   -0.39958450
    0.11984588
    0.11252773
    0.12444677
    0.12676273
    0.12293385
    0.12491705
    0.34573920
    0.11764534
    0.10986967
    0.33827964
    0.15082451
    0.13971789
    0.36563506
    0.11094357
    0.09519395
    0.34017169
    0.06737741
    0.06873105
    0.36590152
    0.04464031
    0.33499231
    0.08007172
    0.34771198
    0.05272834
    0.35436317
