           1           2  0.95542687210142807     
           2           3  0.96282427386615121     
           3           4  0.96418523399920475     
           4           5  0.97322663311776791     
           5           6  0.89796301318679761     
           5           7   1.0637276554373185     
           3           8  0.97420555852277879     
           8           9  0.92379715594885126     
           9          10  0.99684198328570739     
           9          11   1.0286328219443270     
           1          12   1.0144933491842798     
          12          13   1.0516380935387257     
          13          14  0.92458340095664993     
          14          15   1.0620933583224714     
          14          16  0.91465411970051902     
          12          17   1.0505603435940982     
          17          18  0.86098852771823142     
          18          19   1.0186446511276293     
          18          20   1.0449496548548802     
           1          21  0.88501878466268757     
           1          22  0.95854859829600603     
           2          23  0.94612037848987951     
           2          24  0.94537150777183820     
           4          25  0.94224875258400886     
           4          26  0.94455411856668958     
           7          27  0.86334315741348244     
           8          28  0.94790490086593426     
           8          29  0.93697370903359845     
          11          30  0.86615305076333571     
          13          31  0.76273076305845044     
          13          32  0.94343412927316728     
          16          33  0.83643436065074539     
          17          34  0.95631556527795314     
          17          35  0.95824886264895992     
          20          36  0.86549738488516303     
           3          37  0.64120987713122601     
           6          37  0.47222265002186203     
          12          37  0.18726473811800759     
          13          37  0.17304280395257274     
          16          37  0.44065638368676857     
          31          37  0.18019340077762541     
           5          38  0.94689148646037158     
           6          39  0.83876903442441286     
           9          40  0.94612540032297709     
          10          41  0.86638257038939670     
          14          42  0.94198287340828202     
          15          43  0.85974268173744861     
          18          44  0.93422236192845687     
          19          45  0.85036085335472655     
