    0.00148670
   -0.02319904
    0.08697635
   -0.06748047
    0.36799737
   -0.28381802
   -0.27189612
   -0.06845013
    0.36992383
   -0.36455521
   -0.30923455
    0.10447938
   -0.07585445
    0.36817652
   -0.36823796
   -0.32676113
   -0.06715765
    0.36870697
   -0.35763727
   -0.27994609
    0.00657350
    0.13541843
    0.16032240
    0.18489386
    0.14349935
    0.14599473
    0.39042510
    0.12883937
    0.13062967
    0.37959174
    0.13849629
    0.12612427
    0.37327976
    0.15314254
    0.15716173
    0.38047511
    0.06161312
