           2           3   1.4545500687296222     
           3           4   1.0012655949746732     
           4           5  0.93322775823975046     
           5           6   1.6225650293689486     
           5           7   1.2893579147834775     
           6           7  0.17357082089377232     
           3           8   1.0060595331196773     
           8           9  0.88863919419870063     
           9          10   1.7606491837588278     
           9          11   1.2381166299295643     
          10          11  0.19442527953891042     
           1          12   1.6027270289503681     
          12          13  0.98621797701256675     
          13          14  0.90753383421354328     
          14          15   1.7780755709141438     
          14          16   1.2095783835924812     
          15          16  0.19647049487887325     
          12          17  0.98343878427915155     
          17          18  0.93389044101909824     
          18          19   1.6466693487933115     
          18          20   1.2830924099471543     
          19          20  0.17579250797557927     
           1          22  0.86503763179482340     
           2          23  0.91235316529334243     
           2          24  0.74508991026859028     
           4          25  0.94902275822886384     
           4          26  0.91399864555060517     
           7          27  0.81830039010186684     
           8          28  0.95440528917100931     
           8          29  0.92924215601717142     
          11          30  0.82771316756238034     
          13          31  0.94323850056721104     
          13          32  0.93145142917332990     
          16          33  0.83372000644439836     
          17          34  0.91693501170785618     
          17          35  0.93783813465566490     
          20          36  0.82606599457555396     
           1          37   1.0296222436696256     
           2          37  0.62053235333964163     
           3          37  0.18460389126916224     
           6          37  0.41174159201149735     
          19          37  0.21147366815945184     
          21          37  0.87018277044145054     
          24          37  0.18617464100489695     
