   -0.04483093
   -0.04454850
   -0.01193580
   -0.06489891
    0.36445588
   -0.27977381
   -0.25839646
   -0.06512785
    0.36515662
   -0.35576756
   -0.31846079
   -0.01949337
   -0.06584143
    0.35245158
   -0.25425677
   -0.27758844
   -0.06068893
    0.36602347
   -0.35457996
   -0.31674786
    0.10547817
    0.13691786
    0.11023572
    0.14649784
    0.15352730
    0.15083406
    0.39818895
    0.12280981
    0.12780913
    0.38237723
    0.16130210
    0.13664011
    0.38840021
    0.12478320
    0.11952698
    0.38242993
    0.19709121
