           1           2  0.99570648420007135     
           2           3  0.95178626868186078     
           3           4  0.96615030531477564     
           4           5  0.97658191574944997     
           5           6   1.5379030553501958     
           5           7   1.3177194614793635     
           6           7  0.16644241123088815     
           3           8  0.98118388870153439     
           8           9  0.90070551182052616     
           9          10   1.7580028635446274     
           9          11   1.2286370629657777     
          10          11  0.19456579212244671     
           1          12  0.95096513250237835     
          12          13  0.96728827879361390     
          13          14  0.95365666466866350     
          14          15   1.9074225956369717     
          14          16   1.0060213663777002     
          15          16  0.16014676469709321     
          12          17  0.98510667250991713     
          17          18  0.89853879637518141     
          18          19   1.7575825502690825     
          18          20   1.2307941366516686     
          19          20  0.19382920551685218     
           1          21  0.95954695961428904     
           1          22  0.94594848016789201     
           2          23  0.94027490083948273     
           2          24  0.92880534116766267     
           4          25  0.92901570253326304     
           4          26  0.91936311727503905     
           7          27  0.81141994007158380     
           8          28  0.93136464413046516     
           8          29  0.93625094548766441     
          11          30  0.82622348090696229     
          13          31  0.91804900715326399     
          13          32  0.91873356210443213     
          16          33  0.81838207204046109     
          17          34  0.93352295616589920     
          17          35  0.93658604492249675     
          20          36  0.82607400841827661     
           3          37  0.61461482507489607     
           6          37  0.52979879045618161     
          12          37  0.58862343225236635     
          16          37  0.42491594273005961     
