   -0.01829216
   -0.00635923
   -0.15484192
   -0.02811707
    0.35932398
   -0.40365573
   -0.37669716
   -0.01963185
    0.36184215
   -0.40085258
   -0.37777870
   -0.14698908
   -0.03634698
    0.35830128
   -0.39844379
   -0.38246147
   -0.04436755
    0.36601152
   -0.42988206
   -0.36925793
    0.04361693
    0.07649794
    0.01196254
    0.04902942
    0.10573069
    0.04620975
    0.33351121
    0.08503058
    0.04655000
    0.33596747
    0.08702357
    0.07231776
    0.33059763
    0.10319389
    0.09288049
    0.32837646
