           1           2  0.98361577139157563     
           2           3  0.99488473727871940     
           3           4   1.0120187145562303     
           4           5  0.97294263835481076     
           5           6   1.7669797194737447     
           5           7   1.1316277573672400     
           6           7  0.17222416524594794     
           3           8   1.0141259713276061     
           8           9  0.97284821693993873     
           9          10   1.7621700986079849     
           9          11   1.1341729816335842     
          10          11  0.17132962621765657     
           1          12   1.0114542597995877     
          12          13   1.0068448068838309     
          13          14  0.97433756105042602     
          14          15   1.7714319345103848     
          14          16   1.1227378058997726     
          15          16  0.17075716400482596     
          12          17   1.0026984477425389     
          17          18  0.98693615995458994     
          18          19   1.7329967142185778     
          18          20   1.1395631375561288     
          19          20  0.16737839944618343     
           1          21  0.96852104562445451     
           1          22  0.95536294445268699     
           2          23  0.96555746822944954     
           2          24  0.96985487298455653     
           4          25  0.92857613775677117     
           4          26  0.94389104461774431     
           7          27  0.86391462149484011     
           8          28  0.94131536962715745     
           8          29  0.93980836172118276     
          11          30  0.86226575704799957     
          13          31  0.91971538958648003     
          13          32  0.95855876217577418     
          16          33  0.86573066451963077     
          17          34  0.94736357880537569     
          17          35  0.91449581293712634     
          20          36  0.86646066025662571     
