   -0.04599506
   -0.04509667
   -0.02226102
   -0.05524265
    0.24358511
   -0.45563484
   -0.41637750
   -0.04791652
    0.22220581
   -0.34398620
   -0.38738902
   -0.00868495
   -0.05152989
    0.24627256
   -0.43986382
   -0.42971600
   -0.04806736
    0.22971855
   -0.39998283
   -0.33570435
    0.14131036
    0.10396965
    0.10694280
    0.11018047
    0.11348345
    0.10312925
    0.33620320
    0.12348863
    0.10121933
    0.33248491
    0.11419338
    0.10845298
    0.34101342
    0.12364132
    0.12625525
    0.36393808
    0.16753031
    0.05815066
    0.34000070
    0.11219919
    0.36001274
    0.04658132
    0.34247969
    0.06773052
    0.34707504
