           1           2  0.99418459707591655     
           2           3  0.95385355475909972     
           3           4  0.97664660059215369     
           4           5  0.91667547248208658     
           5           6   1.0043296134453075     
           5           7   1.0311432249513979     
           3           8  0.96777812188607149     
           8           9  0.96868573067711838     
           9          10  0.88900522323469200     
           9          11   1.0754445734238081     
           1          12  0.95668144387839071     
          12          13  0.97623686925005371     
          13          14  0.92208851445114148     
          14          15  0.99654713966784481     
          14          16   1.0318276207445511     
          12          17  0.96897435069025650     
          17          18  0.97313795231988387     
          18          19   1.0667726449801653     
          18          20  0.89356225171879744     
           1          21  0.92751689064094345     
           1          22  0.94934903673522131     
           2          23  0.95861233879896190     
           2          24  0.95684189800840347     
           4          25  0.93923599771871402     
           4          26  0.95126697149011108     
           7          27  0.86589316130079075     
           8          28  0.94073342699316675     
           8          29  0.94281874770888618     
          11          30  0.86516408654131993     
          13          31  0.94891724471595562     
          13          32  0.94128954447748769     
          16          33  0.86339586684804659     
          17          34  0.93982334440369630     
          17          35  0.94079664641459637     
          20          36  0.84027969183997042     
           3          37  0.60754771629119331     
          10          37  0.46186430523492494     
          12          37  0.62516677798989484     
          20          37  0.46518554145014457     
           5          38  0.93752981795698309     
           6          39  0.86300990639041963     
           9          40  0.93724395194648336     
          10          41  0.84614531538570958     
          14          42  0.93877707890941897     
          15          43  0.86059604000208367     
          18          44  0.94865276595704906     
          19          45  0.86240507156836843     
